2
7
19
23
79
113
223
331
397
641
653
673
797
853
1429
1433
1447
1571
1913
2141
2957
3001
3019
3167
3169
3313
3593
3671
3779
4051
4073
4091
4409
4643
4663
4703
4721
4783
5449
5531
5711
5821
5843
6203
6317
6323
6343
6359
6481
6571
6761
6947
7039
7151
7219
7369
7481
7583
7741
7759
8219
8329
8467
8543
8623
8689
8707
8753
9161
9199
9323
10009
10099
10181
10313
10477
10753
11117
11119
11131
11213
11273
11287
11383
11717
11923
12097
12197
12491
12511
12527
12589
12899
13103
13109
13291
13697
13781
14143
14243
14593
14633
14639
14657
14831
15013
15101
15173
15187
15401
15901
15971
15973
16193
16477
16921
16987
17117
17191
17333
17569
17669
17977
18059
18131
18367
18541
18757
18803
19867
19963
20023
20269
21139
21397
21419
21499
21893
21929
21937
22193
22229
22283
22391
23197
23417
24077
24281
24413
24499
24631
24677
25013
25321
25673
25913
26041
26437
26699
27103
27397
27409
27431
27449
27457
27689
27803
28433
28499
28631
28793
29129
29633
29671
30137
30161
30169
30493
30593
30649
30677
31723
31799
32027
32537
32687
33403
33641
33827
34253
34301
34501
34549
34687
34739
34759
35051
35153
35419
36457
36529
36551
36563
36607
36683
36899
37217
37337
37361
37423
37549
37813
38113
38377
38891
39019
39367
39761
39769
39779
39791
39829
40039
40087
40771
40949
41141
41231
41281
41549
41597
41603
42023
42239
42397
42463
42499
42569
43427
43441
44129
44371
45013
45259
45599
45673
45821
45823
45887
46021
46219
46273
46441
47161
47339
47701
48371
48541
48989
49363
49499
49681
49741
49789
49991
50893
51061
51131
51307
51341
51563
51607
51853
52021
52027
52369
53149
53269
53299
53327
53527
53569
53633
53693
54833
55213
55243
55663
55901
56701
56783
56963
57223
57559
58151
58171
58789
59021
59239
59621
59921
60637
60733
60793
60887
61559
61631
61703
61837
61927
62039
62129
62603
62927
63059
63179
63241
63391
63487
63703
64067
64439
64633
64679
64901
65413
65617
65717
65951
66083
66467
66523
66763
66809
67043
67103
67271
67391
67489
67601
67741
68477
68489
68819
68903
68909
69221
69247
69709
69997
70451
70657
70793
70891
70919
71069
71191
71359
71551
71563
71843
71941
72211
72277
72481
72503
73013
73751
74017
74047
74161
74177
74209
74363
74797
74887
75079
75653
75869
76001
76163
76213
76367
76837
77017
77093
77249
77291
77549
77557
77621
77647
77839
77999
78041
78229
78341
78569
78623
78721
78787
79111
79333
79481
79493
79559
79579
79693
79811
80039
80621
80627
80809
81031
81077
81527
81553
81817
81937
82051
82487
82847
82903
82963
83023
83047
83257
83383
83443
83459
83477
83663
83857
83891
84127
84349
84649
84947
85091
85103
85577
85607
85999
86017
86179
86423
86453
86533
86753
86771
86843
86959
87187
87643
87803
88001
88469
89137
89231
89597
89783
90031
90067
90149
90373
90397
90523
90529
90647
91621
91943
92173
92221
92251
92269
92317
92363
92761
93169
93427
93463
93937
94057
94309
94327
94351
94771
94889
95881
96223
96847
97241
97301
97303
97441
97687
97729
98047
98317
98429
98479
99241
99527
99809
99839
100103
100183
100363
100379
100403
100799
100823
101281
101323
101789
101891
102001
102199
102451
103099
103183
103889
104123
104179
104207
104743
104891
104953
105263
105983
106123
106291
106319
106427
106871
107377
107441
107449
107467
107473
107713
107717
107923
108233
109001
109073
109097
109717
109897
110017
110183
110261
110927
111581
111659
111791
111871
112111
112279
112459
112573
112583
112741
113279
113567
113591
113657
113797
114577
114691
114799
114809
115133
115471
115631
115637
115763
116293
116437
116797
117269
117427
117443
117529
117787
118037
118529
118619
118757
119089
119297
119551
119569
119611
119627
119813
119827
119981
120097
120121
120193
120569
120737
120851
120937
121283
121313
122231
122477
122561
122719
122921
123007
123143
123373
123757
124121
124147
124181
124231
124309
124363
124429
124601
124633
124699
126211
126961
127711
128519
129187
129223
129449
129581
129737
130073
130121
130127
131251
131293
131311
131413
131561
131783
131893
132049
132151
132949
133271
133769
133919
133993
134059
134741
134789
135479
135601
135649
136273
136343
136393
137341
137567
137911
138077
138241
138617
138661
139367
139429
139871
140053
140639
140813
141301
141307
141613
141649
141803
141937
142183
142237
142547
142697
143243
143461
144311
144379
144511
144757
145799
146647
147419
147551
148763
149351
149969
149993
150011
150197
150203
150473
150533
150767
150901
150929
151051
151153
151241
151451
151483
151537
151553
151783
152671
152839
153337
153499
153911
153929
154157
154213
154373
154871
155581
156269
156619
156749
157051
157427
157999
158189
158419
158611
159017
159407
159541
159623
159937
160781
161071
161563
162053
162971
163417
163517
163811
164267
164701
164809
165089
165247
165709
166063
166237
166289
166597
166613
166919
167087
167521
167593
167683
167911
168193
168677
168743
168761
168913
169151
169339
169583
169667
170003
170057
170111
170123
170243
170503
170641
170873
171053
171659
171947
172147
172223
172721
173021
173059
173539
173599
173629
173707
173851
173977
174149
174257
174763
174773
175013
175601
176243
176369
176503
176509
176597
176777
177173
177739
177797
177943
178169
178819
178921
179243
179393
179813
179909
179999
180811
181303
181501
181871
182059
182297
182519
182789
182851
182927
182957
183067
183383
183461
183949
184043
184273
184477
184489
185021
185057
185077
185183
185401
185599
185651
185833
186007
186023
186191
186239
186299
186649
186761
187141
187181
187441
187597
187973
187987
188291
188869
188941
188983
189041
189491
189523
190577
190657
190889
191033
191089
192191
192373
192781
192811
193153
193163
193423
193723
193799
194917
195311
195443
195541
196181
196307
196439
196453
196523
197779
198097
198503
198851
198901
199081
199267
200003
200689
200771
200971
201031
201101
201107
201359
201683
201907
202277
202361
202661
203039
203249
203977
204367
204791
205237
205357
206179
206341
206597
206879
207239
207479
207811
208253
208309
208367
208409
208667
208807
208933
209813
209837
209861
210361
210481
210491
210523
210659
210907
211373
211441
211469
211693
211873
211949
212057
212293
212369
212573
212701
212987
213043
213119
213131
213229
213599
213989
214483
215507
215531
215863
216037
216103
216157
216217
216317
217169
217697
217909
218083
218417
218419
218513
218641
218677
218711
218887
219083
219187
219313
219689
219707
220553
220889
220931
221999
222329
222389
223087
223439
223711
224129
224351
224443
224603
224797
224863
224977
225149
225931
226087
226099
226133
226379
227251
227473
227501
227581
227893
228587
228593
229253
229561
229937
230273
230611
231241
231433
231611
231701
231967
232307
232607
233419
233617
233641
233663
233851
234571
234743
234809
234967
235117
235489
235493
235663
235679
235871
235997
237173
237791
237821
237851
238307
238649
238747
238877
238991
239017
239069
239357
239431
239441
239489
239623
239671
239737
239977
240599
240739
240763
241291
241361
241393
241667
242171
242329
242447
242483
242629
242647
242863
243479
243647
243671
243911
244003
244043
244243
244303
244339
244367
244423
244547
245473
245521
245783
245789
245863
246271
246731
246803
247069
247241
247279
247337
248137
248537
248597
248627
248719
249103
249857
249923
250343
250619
250727
250867
250951
251287
251437
251707
251893
251917
252037
252163
252449
252509
252691
252713
252979
253387
253679
253763
253999
254197
254279
254299
254873
255487
255503
255637
255763
256019
256033
256577
256643
256699
256757
256939
257069
257107
257311
257501
257687
257869
258277
258581
258613
258847
258967
259169
259339
259621
259967
260269
260387
260411
260417
260761
261643
261697
262217
262253
262709
262723
263201
263597
263621
263723
263761
263863
263881
263941
264391
264659
264743
265381
265417
265423
265747
265831
265891
265961
266159
266489
266767
267833
268013
268789
268897
268909
269183
269221
269377
269617
269741
270037
270271
271169
271241
271277
271769
271771
272009
272659
273349
273457
273697
273787
273913
274081
274591
274847
275299
275423
275699
275729
275911
275941
275963
276173
276277
276373
276461
276827
276917
276929
277073
278051
278071
278123
278177
278363
278563
279119
279541
279679
279689
279779
279847
280199
280207
280463
280603
280859
280963
281249
281251
281549
282349
282563
283121
283369
283631
284447
284539
284741
284927
285283
285469
285497
285631
285709
285763
286457
286487
286987
287297
288109
288467
288973
288989
288991
289643
289937
290473
290497
291037
291293
291373
291481
291689
291923
291971
292367
292393
292459
292471
292477
292601
292709
292753
293071
293123
293431
293749
293863
294013
294029
294703
294809
294911
294989
295201
295271
295357
295433
295541
295553
295751
296137
296183
296273
297359
297469
297971
298049
298373
298483
298559
298847
299099
299731
299743
300623
300821
300893
301051
301153
301447
301459
301489
301579
301673
301759
301877
302009
302573
302629
302747
302903
303529
303647
304163
304663
305111
305219
305281
305407
305449
305477
306023
306049
306239
306367
306389
306853
306893
306953
307187
307337
307651
308041
308323
309109
309523
309541
310223
310949
311539
311569
311803
312071
312233
312553
312839
312967
313399
313549
313721
313777
313949
314233
314497
314989
315251
315589
315671
315751
316469
316571
316879
317503
317563
317663
318007
318179
318191
318281
318319
318581
318601
318701
318749
318863
318949
319169
319223
319237
319391
319601
319883
320053
320209
320539
320759
320791
320821
320927
321007
321961
322013
322171
322339
322403
322519
322613
322769
322771
322919
323101
323359
323509
323597
324011
324101
324397
324437
324451
324523
324697
324773
324893
324901
325439
326219
326449
326497
326869
327557
327707
327829
327983
328061
328379
328511
328513
328721
328897
329321
329587
329639
329657
329993
330067
330229
330623
331301
331339
331603
331691
331781
331997
332069
332447
332687
332851
332987
333433
333491
333673
334127
334297
334393
335507
335609
335653
335663
336101
336199
336353
336529
337153
337349
337397
337529
338167
338197
338251
338389
338473
338803
339257
339341
339613
339991
340103
340127
340709
340939
341227
341461
341501
341557
341813
341993
342049
342059
342143
342241
342283
342299
342449
342481
342647
343037
343073
343253
343411
343531
344173
344251
344347
344671
344719
344941
344963
345001
345181
345229
345311
345731
345823
346039
346051
346873
347227
347539
347729
347899
348241
348587
348769
348811
348919
349039
349637
349709
349813
349931
349933
349981
351079
351269
351479
352549
352619
353117
353527
354073
354097
355643
355811
356023
356287
356387
356441
356443
356509
357281
357347
357359
357509
358069
358219
358697
358711
358793
358931
358999
359357
359587
359633
360187
360289
360869
361507
361967
362191
362693
363437
363463
363809
363841
363887
363941
363949
364373
364459
364751
364921
365089
365137
365333
365569
365641
365759
366097
366139
366383
366593
366721
367069
367123
367309
367321
367357
368363
368369
369077
369197
369661
369673
370061
370837
371131
371383
371627
371669
372059
372107
372269
372299
372511
372607
372751
372973
373091
373459
373613
374063
374839
374879
375017
375103
375281
375311
375367
375709
375773
375971
376039
376483
376921
376969
377329
377527
377617
377749
377851
378493
378671
379007
379039
379157
379703
379849
379979
380201
380327
380591
381001
381169
381233
381377
381443
382519
382589
382807
382883
383923
383963
384173
384733
384779
384821
384851
384889
384941
385171
385607
386129
386549
386747
388067
388273
388673
389089
389189
389567
390083
390527
390581
390989
391351
391393
391519
392111
393017
393079
393191
393377
393947
394241
394529
394579
394817
395039
395513
395581
395897
395953
396041
396181
396541
396647
396833
397073
397151
397259
397289
397303
398143
398407
398821
399137
399241
399739
399983
400093
400523
400837
401347
402133
402139
402197
402527
402601
403003
403049
403097
403439
403687
403979
404029
404249
405037
405413
405607
406177
406271
406481
406993
407291
407299
407843
408091
408169
408743
409579
409987
410063
410339
410387
410411
410659
410903
410929
411193
411211
411251
411473
411611
411883
412039
412133
412213
412481
412487
412967
413251
413353
413681
414031
414109
414221
414383
414397
414451
414779
414809
415673
416149
416407
416419
416501
417019
417383
417811
417869
418373
418447
418657
418819
418993
419053
419429
420271
421189
421331
421493
421559
421691
421831
421907
422069
422707
422827
423221
423251
423431
423649
424429
424961
424967
425083
425329
425653
425713
425869
426007
426011
426301
426863
426971
427249
427429
428003
428149
428299
428303
428539
428809
428951
429397
429853
429991
430427
430663
430823
430909
431063
431147
431377
431447
431657
431693
432121
432559
433229
433249
433259
433261
433319
433607
433651
433681
433859
433967
434407
434459
434719
435139
436013
436147
436151
436627
436841
437237
437501
437693
438131
438533
439613
439903
440371
440549
440731
441073
441079
441517
441523
442109
442291
442903
443017
443089
443167
443263
443341
444001
444637
444671
445583
445703
445969
446179
446477
446561
446753
446773
446909
447011
447079
447683
447791
447817
448733
448939
449131
449209
449287
449681
449807
449929
450071
450383
450473
450929
451097
451331
451579
451637
451691
452017
452519
453133
453317
453643
454033
454063
454543
454849
455171
455969
456377
457043
457229
457267
457553
459209
459229
459479
459607
460063
461413
462331
462377
462569
462577
463679
463807
463867
464131
464749
465061
465299
465337
465433
465821
465833
465893
466061
466079
466283
466409
466553
466751
467081
467239
467713
468151
468191
469219
469253
469501
469841
470663
470941
471091
471137
471407
471671
471683
471931
472159
472523
472709
472963
473191
473287
473327
473857
473861
473887
474043
474101
474581
474667
474907
475037
475051
475073
475147
475597
475907
475921
476591
476603
477767
477821
478199
478351
478441
478729
478801
479701
480373
480379
480527
481147
481673
481697
481787
481849
482021
482093
482263
482399
482509
482513
482711
482753
482957
483367
483467
483619
483827
484037
484151
485113
485831
486023
486041
486071
486133
486313
486503
486839
487007
487391
487447
487757
488051
488069
488317
488909
489361
489409
489487
489653
489851
489901
490201
490537
490741
490859
491083
491201
491279
491737
491837
493159
493657
493721
493919
494803
495343
495433
495959
496477
496703
496999
497197
497587
497597
497957
497999
498101
498103
498461
498803
498907
498923
498989
499133
499253
499321
499661
499663
499739
499819
499903
499973
500287
500317
500519
500699
500807
500911
500933
501451
501769
501803
501827
502247
502277
502597
502921
502973
503369
503929
504139
504143
504323
504523
505067
505157
505409
505811
505961
506351
506783
507119
507383
507557
507779
508243
508771
509413
509417
509449
509569
509731
510331
510847
511013
511151
511843
511891
512443
512977
513439
513683
513839
513841
514013
514093
514243
514823
515089
516227
516293
516319
516433
516713
517087
517337
517861
518131
518809
519037
519217
519283
519359
519371
519923
520193
520213
520549
520703
520957
520981
521179
521693
521981
521993
522787
523049
523829
523903
524387
524453
524941
525043
525467
525769
525809
525839
525953
526049
526193
526231
526283
526453
526543
526601
527129
527159
527843
527921
528403
528559
528719
529517
529681
529709
529807
529961
530051
530093
530597
531343
532331
532421
532757
532789
533177
533227
533713
533963
533969
534167
534697
534827
534841
534943
535349
535879
536087
536147
536447
536801
537091
537527
538123
538201
538283
538301
538357
538877
539219
539233
539723
539729
539837
539863
539897
540307
540469
540509
540679
540823
540961
541133
541301
541469
541777
542053
542123
542141
543029
543143
543289
543341
543407
543463
543503
543637
544007
544429
544549
544897
544937
545131
546461
546631
546967
547037
547399
547567
547643
547831
548083
548291
548489
548677
548869
549203
549379
549623
549883
550061
550177
550351
550609
550939
550961
551321
551503
551671
551813
551911
552317
552749
552793
552809
553471
553561
553703
554129
554431
554839
555421
555853
556229
556741
556931
556957
557159
557443
557633
557789
558587
558881
559177
559231
559591
560089
560737
560863
561059
562871
563039
563041
563051
563113
563987
564097
564373
565049
565427
565553
565583
565661
565723
566173
567367
568019
568163
568493
568541
568657
568691
569083
569249
569623
569671
569903
570079
570191
570539
570649
570967
571031
571579
571601
572059
572423
572497
572587
572659
572699
572707
573409
573719
573863
573883
573887
573899
574363
574801
575551
575821
575903
575941
576101
576379
577081
577919
577939
577979
578203
578689
579503
579529
579779
580627
581239
581293
581447
581809
582161
582167
582173
582937
583351
583421
583631
583909
584027
584699
584789
584897
584923
585019
585037
585217
585727
585899
586111
586273
586403
586577
586603
586921
587017
587021
587297
587539
587563
587623
587773
587863
587933
587969
588079
588667
588767
588977
589159
589273
589507
590033
590041
591317
591499
591553
592073
592849
593273
593387
593969
594023
594091
594151
594821
595039
595339
595627
596009
596047
596179
596231
596369
597131
597263
597301
597403
597827
597833
598093
598189
598303
598379
598447
598537
598541
598729
598933
599149
599597
599939
600101
600359
600433
600689
600703
601607
601771
601831
601873
602309
602773
602873
603149
603401
603521
603899
604171
604243
604291
604309
604427
605239
605707
605893
606569
606581
606847
607127
607219
607921
607991
608591
608743
608899
608989
609209
609253
609269
609391
609407
609997
610163
610661
610913
611137
611879
611999
612349
612649
612811
612817
613097
613289
613337
613763
614693
614863
615053
615427
615557
616579
616643
616669
617327
617521
618253
618337
619477
619681
620237
620303
620359
621301
621461
621617
621799
622189
622519
623041
623059
623351
623923
624251
624259
624607
624973
625657
625811
626063
626147
626191
626239
626363
626539
626611
626861
627059
627083
627091
627169
627217
627257
627643
627797
628913
629249
629341
629737
630043
630473
630589
630997
631531
631819
631847
632209
632231
632647
632699
632773
633623
634031
634247
634273
634307
634343
634597
635351
636541
636947
637003
637321
637409
637691
637771
638327
638971
638993
639083
639211
639337
639679
639719
640109
640333
640669
640727
640993
641791
642079
642791
642797
642931
643429
643463
643523
643633
643639
643697
644129
644557
644701
644857
645433
645877
645907
646003
647357
647503
647593
647663
648029
648119
649217
649279
649499
649541
649559
649907
650327
650387
650953
651029
651323
651397
651517
651733
651863
651913
652567
652937
652969
653113
653153
653537
653789
653881
653927
654067
654089
654323
654371
654701
654743
654821
655637
656171
656389
656599
656809
656989
657233
657269
657589
657607
657649
657973
658079
658403
658591
659473
659521
659569
660067
661217
661259
661393
662567
662713
662839
662917
663557
663659
663991
664253
664273
664459
665239
665501
665527
665557
665747
665783
665803
665953
666329
666427
666937
667363
667519
667531
667697
667699
667999
668159
668677
668813
669091
669707
670507
670763
670781
671633
671851
671917
672073
672229
672629
672869
673069
673247
673313
673397
673411
674483
674701
675029
675071
675097
675391
675407
675569
675643
675817
675889
676421
676493
676649
676909
677167
677231
677441
677683
678533
678761
679033
679183
679807
679867
679933
679981
680129
680209
680623
680759
681137
681403
682009
682237
682439
682519
682547
682699
683087
683149
683257
683477
683597
683699
683713
684217
684587
685093
687023
687151
687341
687961
688003
688249
688397
688453
688591
688813
689141
689693
689987
690271
690467
690553
690607
692051
692459
693127
693283
693727
694349
694957
695003
695243
695599
695867
695879
695927
696263
696517
696623
696811
696989
697583
698297
698419
698641
698977
699343
699367
699401
700937
701047
701219
701257
701473
701479
701489
701549
701731
702203
702511
702551
703223
703441
703459
703537
704189
704279
704281
704461
704593
704663
704747
705161
705163
705769
706019
706051
706763
706801
706883
708119
708221
708359
708527
709349
709769
709901
709991
710027
710081
710561
710873
711409
711539
711563
711577
712511
712781
712847
713569
713831
713873
713917
714199
714377
714677
714943
715313
715489
715699
716621
716981
717659
718183
718453
718579
718937
719101
719447
719483
719633
719731
719791
720101
720367
720497
720619
720677
720961
721037
721333
721439
721499
723439
723587
724211
724513
724721
725057
725381
725663
725723
725801
725993
726337
726431
726659
727247
727297
727483
727729
728261
728471
728527
728881
729359
729371
729373
729389
729649
730399
730889
731041
731261
731327
731531
732133
732293
732509
732601
732673
732923
732967
733067
733147
733301
733333
733409
733847
734197
734429
734627
734707
734813
734849
734887
735073
735143
735311
735419
735617
735649
736721
736787
737131
737339
737351
737843
738757
738989
739511
739603
739853
740171
740513
740533
740599
740671
740969
741079
741509
742201
742949
742991
743423
743609
743851
744071
744377
744767
744917
745699
745837
746167
746183
746353
746653
746899
747161
747427
747563
747863
749809
750131
750553
750571
750719
750803
750857
750943
751139
751193
751367
751747
752627
752819
753679
753811
753821
754003
754337
754489
754723
754877
754931
755057
755203
755597
755789
756167
756683
757417
757429
757583
757651
757661
758071
758099
758189
758729
758887
759001
759557
759559
759709
759797
759953
760499
760519
760693
760913
761003
761249
761399
761483
761977
762053
762257
762407
762539
762547
763429
763447
763573
763663
763801
763937
764849
764903
765181
765287
765577
765623
765907
766067
766211
766457
766531
766811
767029
767603
767707
768059
768613
768643
768767
768881
768979
769339
769789
769973
770059
770101
770207
770353
771209
771569
772381
772391
772459
772691
772721
772789
772853
773569
774047
774143
774583
774733
775147
775163
775741
775871
776869
777071
777209
777677
778213
778417
778529
779063
779351
779609
779869
780253
780553
780631
780823
780953
781021
781163
781211
781631
781987
782083
782297
782387
782981
783257
783407
783569
783613
783787
784061
784171
784727
784957
785003
785153
786547
786673
786881
787043
787051
787529
788027
788033
788413
788537
788869
789101
789149
789367
789533
789749
790093
790169
790201
790747
790897
790957
790969
791159
791261
791543
791563
791827
791897
792031
792643
792691
793229
793511
793607
794041
794141
794221
794399
794477
794531
794593
794741
794879
795427
795503
795551
795667
795871
796291
796387
796487
796819
796933
796937
797161
797399
798023
798197
798257
798373
799063
799217
799259
799307
799471
799679
799837
800903
801539
801571
801761
801811
801947
802189
802933
803549
803687
803911
804059
804211
804757
804803
805027
805073
805097
805531
805799
806381
806453
806513
806581
806671
806857
807379
807407
808349
808363
808517
808721
808991
809407
809701
810191
810209
810893
811519
811561
812033
812137
813013
813061
813107
813133
813721
814061
814543
814559
814601
814609
814633
814829
815123
815261
815851
816401
816859
816911
816947
817919
817979
818383
818429
818453
818659
819157
819253
819977
820231
820321
821993
822139
822169
822323
822589
822599
822743
822853
822893
823033
823153
823553
823717
824459
824609
824951
825283
826093
826393
827429
827857
827923
828547
828601
828701
829121
829601
829693
829813
830561
830839
830989
831659
832079
832591
833101
833461
833537
833747
833887
834503
835427
835841
837047
837451
838349
838391
838429
838813
838939
838963
839767
840023
840061
840137
840661
841241
841277
841369
841727
841741
841927
842003
842321
842353
842399
842447
843211
843289
843497
843589
843757
844043
844127
844609
844957
845183
845287
845983
846757
846953
847157
847787
847937
848143
848671
848707
848713
849019
849047
849127
849349
849571
849701
850049
850537
850567
850673
851017
851113
851363
852437
852673
852889
853091
853667
853739
853843
854017
854041
854327
854387
854417
854419
854527
855191
855401
856421
856841
856909
856939
857011
857027
857431
857539
857569
857579
858301
858463
858763
858943
859051
859093
859267
859363
859919
860533
861191
861317
861647
861871
862097
862171
862207
862241
862369
862387
862571
862607
862789
862919
862991
863131
863153
863179
863843
863909
864299
864581
864641
864781
865103
865253
865321
865343
865783
866119
866759
867389
867623
868051
868211
869747
870241
870329
870431
870497
871229
871477
872173
872257
872381
873469
873739
874037
874277
874331
874373
874673
874681
874739
874807
874831
874859
875261
875263
875327
875341
875663
875701
875761
875779
875821
875981
876479
876661
877133
877873
878107
878113
878221
878413
878489
878833
878869
878893
878939
879097
879239
879271
879533
879539
879649
879713
879953
880853
880981
881249
881327
881393
881663
881849
882019
882061
882449
882631
882863
882881
882961
883163
883343
883613
883661
883807
883969
883973
884437
884651
885041
885251
885497
886043
886097
886349
886807
886969
887069
887311
887479
887617
887629
887651
887701
887743
887749
888359
888397
888659
889351
889673
890003
890063
890107
890177
890317
891017
891161
891491
891677
891907
892093
892219
892733
892951
893339
893609
893653
894119
894167
894181
894209
894233
894281
894403
894871
895241
895357
895471
895591
895879
895933
897691
898147
898171
898769
899659
899831
900157
900649
901013
901177
901193
901247
901249
901931
902009
902017
902089
902261
902389
902471
902827
903103
903323
903337
904193
904261
904517
904759
905213
905449
905497
905659
906481
907133
907433
907667
907693
907807
908503
908857
908927
909023
909761
911249
911419
911719
911839
912491
912581
913483
913487
913579
913639
913933
914041
914857
914951
915017
915191
915259
915613
916049
916973
917251
917573
917767
918653
919153
919417
920219
920371
920641
920891
920947
920963
921133
921199
921203
921241
921563
921629
921841
921931
922057
922699
923437
923501
923509
923599
924191
924323
924683
924751
925087
925349
926131
926357
926879
927001
927187
927323
927643
927683
927967
928111
928139
928159
928871
929891
930079
930199
930737
930973
931319
931877
931999
932219
932227
932357
932609
932917
933313
933787
934403
935021
935591
935603
935707
936097
936203
936511
936521
937033
937429
937571
937661
938233
939193
939359
939413
939443
939599
939661
939881
939997
940787
940957
940993
941593
941753
941771
941879
942311
942853
942943
943183
943801
943843
944263
944543
944803
944987
945671
945907
946411
946469
946513
946877
947753
949253
949307
949699
950231
950527
950737
950927
951413
951581
951851
952151
952381
952541
952559
953431
953647
953923
954181
954323
954727
954851
956281
956749
956843
957097
957701
958361
958499
958931
958963
959159
959389
959617
960251
960341
960809
960863
960937
961339
961393
961399
961687
961943
961973
962341
962413
963223
963379
963601
963689
963707
964021
964339
964423
964517
964787
965131
965507
965551
965621
965963
966029
966817
967507
967627
967699
968333
969179
969377
969869
969889
970061
970091
971053
971099
972113
972121
972137
972227
972581
972899
973057
973069
973081
973213
973279
973367
973421
973487
973757
973837
974317
974489
974711
974849
974863
975439
976177
976457
976643
976721
976777
976933
977047
977369
977761
978011
978037
978113
978233
979337
979549
981023
981263
981311
981419
981703
982067
982363
982393
982741
983173
983261
983699
983771
983929
984047
984119
984301
984329
984757
985063
986599
986633
986759
986933
987193
987541
988591
988643
988837
989873
989999
990163
990371
990469
991069
991427
992153
992317
993407
993997
994039
994559
994963
994991
994997
995801
995881
996551
996763
996803
996967
997037
997267
997897
998083
998411
998537
999773