6983
1
1614
3391
1187
1864
6982
4108
3887
9965
3568
1875
4036
7248
631
6869
2551
4805
4183
7274
5743
6619
1679
6371
7210
6403
2320
9606
8695
7114
8153
4328
4026
2225
3864
9699
7845
3332
115
9643
3076
5528
3334
343
5886
8428
1057
6366
2493
2859
2382
3915
6966
5998
5749
2163
746
6364
5961
3962
8077
8622
9035
6415
2805
6130
4721
3911
5911
7882
2457
3366
2345
4904
8671
924
4713
1664
9485
9613
259
8785
8963
6169
1259
4599
3592
630
913
8488
3766
3233
2035
4895
6201
559
181
8899
8213
6426
7493
1262
5411
1438
6048
1029
966
1449
9734
993
7355
9814
4422
6891
1652
4162
3534
3397
3955
265
5408
9835
6841
4506
6852
167
1427
9622
8593
5630
9521
6802
9528
9183
1379
1476
7685
5597
8701
7909
4328
5057
2526
1124
1489
2352
3079
2089
9933
7941
5478
9146
8986
1308
2799
2507
3198
5427
7650
4186
1763
3566
8389
9423
3151
3073
6819
71
1022
4349
9540
9966
8914
8268
8973
1446
7198
7466
521
4102
271
1664
9614
853
5379
3034
9741
4401
4869
6390
5326
4351
1353
7956
3664
4197
9022
5962
9399
7178
6366
6704
9369
2969
8193
3171
1273
1514
255
9608
786
693
5334
3094
776
9575
795
2297
5253
5078
1100
7434
6243
142
487
9125
6003
5897
2726
2197
7193
2967
1981
5920
3871
1002
1770
4771
9594
7400
5066
306
8849
1553
6604
3209
3366
5656
822
9905
2448
3173
2329
940
4814
5964
4183
5791
4070
7140
76
5954
4309
2933
6108
9820
145
2053
5196
5183
6639
2908
795
7302
7565
7335
3143
6473
8692
7354
9314
810
6727
8803
4921
5383
3364
9553
5285
1746
7963
3923
630
4827
5510
964
3761
8929
2175
9697
9874
4443
2169
7728
7935
3079
3799
2116
6730
2188
3905
9592
4234
8012
7473
5237
516
3116
2172
5514
4795
5906
9639
7643
6838
3857
3358
1438
8104
2132
1908
1384
2631
8341
1399
7597
9210
4506
7445
3854
2652
3800
2738
7117
6229
7783
6097
6419
2444
4137
4786
7268
8850
2009
5844
1626
7125
8469
9768
8895
6408
4693
8900
6833
680
7123
4433
7255
2471
3042
9675
6233
9283
3074
4770
5232
1771
3931
493
4677
4378
3431
7457
9550
1452
9937
7880
1003
1451
5356
9506
8383
5604
9318
1881
576
2551
4617
6472
8765
5498
3078
8535
8528
9787
2836
8877
3809
8942
48
7636
3160
8914
9410
7520
96
9524
5518
5264
83
7387
8279
7733
550
9404
4643
6137
2681
5124
4838
9435
2269
4588
1131
3277
7508
7060
7491
7260
5516
8452
7807
2869
1651
9902
9331
7664
9944
8361
1495
5174
1008
4448
4291
4337
1277
3810
9836
6160
766
2388
9227
9163
1049
2766
86
6613
7152
301
6807
8235
2940
2679
4402
7529
3284
9421
2551
2636
8731
7015
7556
8250
170
9751
8393
7543
9200
4092
8360
1868
7285
9893
9470
8166
9002
7943
8228
8954
3615