34449
28656
43984
42575
42887
12590
49339
14934
27991
30131
5655
6041
27949
29794
19660
24692
7320
46074
6014
3665
48462
42763
29623
3359
26729
39527
30780
1033
5169
37677
5324
30715
3792
30662
26828
31113
12504
5382
30623
2718
33888
23883
24976
13211
23926
29547
47786
12280
6632
35406
4423
8475
37518
29047
21155
37009
32528
32037
3725
35332
34027
3012
11714
11257
19568
14538
44497
15738
39049
33554
12674
12819
49989
49331
40435
22248
26778
27144
6643
4542
4428
9076
29058
25318
34751
29786
40585
10017
25039
33638
31958
5629
47698
8303
35229
23957
47222
16331
23095
35678
2942
11126
5798
30389
27202
25933
17994
41872
26034
5877
32205
37600
34548
18028
20021
19021
6507
33564
31842
31493
25980
42029
40212
12970
5141
7260
21234
35892
9606
41253
7154
36613
13308
1406
8899
32020
21285
29182
15135
5610
13997
44489
11450
40171
36294
17857
28507
24113
19518
19454
49032
47960
27638
44140
13370
15457
29215
34421
42654
47896
9313
23688
532
49527
11875
21292
31939
301
35398
27987
20311
24332
42490
44378
20092
24613
2096
45535
9116
44725
24231
825
25108
1639
4405
24176
19255
22883
41754
5283
33267
39015
46647
36298
13269
20679
42800
10931
27569
40987
40061
7365
13241
40886
33817
23393
16620
18101
26090
26237
13091
49226
5202
44587
42861
10300
29896
40130
27382
3515
36373
5782
43081
46313
7306
19595
31516
20718
25500
42466
40639
32523
15211
49447
9812
29409
5499
28605
34351
25922
21098
14713
31333
18474
36786
15489
15267
11387
34807
39833
26790
8591
17862
13591
20385
42076
19587
1193
15841
29938
29647
34989
7025
23977
13381
14520
49720
44701
25815
13483
28511
17304
44483
2967
9391
40539
5858
47436
36665
20917
7055
10520
37191
13847
26634
44239
30619
29450
27474
15285
9694
39055
39268
19955
24851
36579
34559
24313
26959
30159
36795
45840
37420
29164
21258
25746
12119
4258
46064
38852
19714
19987
12213
7811
17646
3073
6854
42826
45536
43272
7855
237
27723
22453
39518
16813
46453
11649
26307
48751
38800
40196
43703
42525
36237
5490
33306
8730
37301
45341
14247
37659
11623
27449
10584
48191
23584
22732
44500
33873
34762
20863
30129
40219
21294
30040
23837
28091
2440
40599
34630
37413
29028
17844
37601
43578
16663
26065
16880
45928
35024
18809
3907
22871
1535
20274
13275
36200
11066
16035
32348
35566
49039
33282
15348
23847
8329
12906
30490
42637
19625
33881
24046
28547
39638
46439
35278
22193
3446
13128
38434
33988
39955
13031
41535
22927
34814
34861
9147
25397
45521
69
26783
10992
37419
3504
33757
41125
44944
23791
32934
44612
43897
3802
7817
38668
26244
28127
21339
30217
46317
7976
37762
47603
15625
38612
46528
49159
10985
2023
7756
44979
20187
47061
829
4433
7839
16122
44137
17579
31679
35121
31843
63
22184
49039
30423
7849
39231
16923
3437
17774
19180
349
33027
46355
21806
23269
14879
19704
32027
31977
43162
22737
5500
39132
6265
13670
16845
8701
33838
42919
1318
3421
22261
17491
17952
4509
14667
23159
8206
22134
18820
27072
25330
14514
30608
25746
1403
4709
5251
47791
13905
23956
5688
6930
17706
48831
40523
13024
32168
36537
33529
19010
33773
6196
18692
12391
24167
49037
23000
19337
12902
11768
38908
15779
35474
20109
16030
17494
43319
35740
48113
21187
791
42662
22187
39067
14771
30039
17315
36623
4861
2238
25990
16735
292
3796
6157
33915
34439
11905
8530
24372
48696
16390
35347
24932
1023
40289
14833
23446
26120
30003
20156
37017
2170
18249
31956
39579
14953
15159
18995
44681
19034
11599
7497
10795
1541
35104
15251
30706
40164
18339
796
12736
38230
39849
33738
23673
8518
3955
27745
15181
13037
16358
12964
12631
11728
23438
18164
4141
49231
41757
37787
692
28279
17966
39505
23980
16445
6460
25010
13878
30963
15447
4358
1617
24106
16983
17546
26871
2582
25095
19557
3482
6104
14751
32204
33914
20218
23395
42084
15246
46826
41818
33670
39928
5622
30083
39838
24363
31993
26206
35660
32377
30503
46450
28809
26262
24621
47827
48894
30250
889
14347
44793
23262
16664
6840
45900
1841
13242
23981
7795
14022
42654
29009
33874
15842
35654
20496
45154
11202
45628
20337
41228
19008
11592
5634
48342
25055
19723
30584
46575
4308
25288
27847
29777
7957
23496
20133
42494
30734
44272
41325
718
17225
213
970
44285
24233
37285
25375
27910
27791
36825
20271
26942
25530
11550
306
5304
16796
44734
24257
45351
799
42418
38824
29491
5098
21781
21126
29387
4041
4022
30421
15053
4628
26403
11357
16211
32315
44029
46194
37954
17194
46621
18826
29072
28302
44531
1525
47886
3183
12909
31291
41884
42716
31071
24567
42700
35140
9285
7698
22440
36351
10764
42537
26086
29288
13967
45320
12077
11770
8477
4168
38997
31588
14013
1852
29
31578
31021
9078
33763
7316
34502
3289
17153
22530
34811
45271
24390
20468
37925
31276
25198
25926
14930
41311
21474
8985
44758
40660
33545
19841
24048
3991
49286
2797
10720
23891
44327
13255
9471
38240
28337
39429
17438
5433
21137
6638
20782
11243
10240
16547
46518
15228
7963
14841
33387
7852
9665
20354
10823
38949
8201
10074
16710
12869
42249
23187
2032
14788
31906
21941
37438
35506
46099
25873
44809
14688
47387
32338
2032
1221
45909
45691
32459
5806
23147
48933
33126
25916
36024
40932
25449
5585
32559
37854
14710
20244
3100
9414
41034
47927
43178
28193
14693
35551
26478
47871
28684
13166
2341
34671
41469
33141
21230
9702
42061
38552
10728
44293
30951
17114
13547
46917
46891
20734
9261
22548
34740
24761
21507
46501
17714
37350
5505
38160
24405
42857
26720
31316
24518
22384
38026
13557
19260
37239
20160
35582
30981
16454
42415
25000
31527
16608
48698
47489
34682
47233
31837
37822
47196
49352
39423
18404
48768
47683
7182
7696
18387
7392
26241
36894
11994
7227
49825
5087
29313
22134
28150
26867
6643
7386
45553
1666
32012
38031
26
29353
49724
26382
3702
40317
21075
11454
16225
17624
46909
20460
43142
40037
28072
25781
8036
41905
17237
38605
19472
28148
31621
35682
32939
33815
2585
13596
21267
17874
10686
31356
17448
19026
16811
43772
4444
41300
42693
39589
11475
10995
31155
7058
6216
46306
37496
46847
24744
34247
23519
2060
34111
36908
31531
3653
4294
24078
23566
10982
9693
10920
25647
31692
40177
37581
41431
4966
29775
21553
27607
36710
49350
3738
31066
44549
34323
47915
22823
32061
30227
35291
27129
12517
33024
42204
23015
29881
49040
38335
42504
32971
46598
13050
8149
41347
34184
24078
43449
40690
6291
32631
1194
14025
49777
926
24473
35422
42885
25456
9706
33878
31030
24439
41969
2366
39080
20326
1750
10173
34986
38737
32810
9258
9610
44405
10541
26970
22181
45526
43045
18798
47154
6198
10711
28117
229
39856
814
47052
46980
14410
483
628
47633
10731
36007
30704
4744
19582
7223
14785
27244
2120
3782
21529
8643
22147
32476
41887
37882
30786
15403
19237
46751
40955
45736
36061
6871
49319
49335
11327
243
38544
37807
49530
15868
2182
14832
16757
29753
47122
16666
26067
32900
7504
38424
41291
43440
21142
31501
35992
10322
31208
27446
29718
46134
22433
1307
25833
21315
33257
4206
23398
47822
48584
25526
149
13513
21620
46733
36728
5092
11850
8787
35179
49280
15280
34950
23498
46383
33234
33966
10538
44434
7313
47837
31505
45490
26178
10650
16129
21255
37158
8260
16839
49586
25974
33779
43758
13906
6674
43370
23093
959
12701
6031
41335
5587
21233
25718
42964
33419
23957
44084
30314
2212
1230
41779
28014
18408
44586
42376
3902
23012
29401
49803
41816
14323
25378
23868
47809
30084
28470
1051
9634
48675
48336
1123
1787
3897
1524
39184
28520
41405
30309
19468
36877
35096
23122
5822
366
28545
105
26759
1934
14776
11046
44289
11487
29290
37804
15610
7939
6443
36622
33647
3282
38797
25548
31006
22918
25921
20700
43510
22568
25277
17620
17999
33846
14049
650
38176
22045
43541
39218
35225
27716
11223
13724
24138
10367
28264
46546
27983
45606
21822
28684
25981
9643
40359
12009
28348
30264
36186
27136
14700
33790
30406
24934
24800
32554
42151
47073
47969
22436
27804
20094
12259
47366
15920
32083
30335
6026
17193
30150
31661
17656
47612
21954
14854
7968
47399
2559
23698
41298
4410
13584
7867
33706
1420
11546
31188
48480
22086
38509
18205
7359
30358
17843
6920
31100
42872
18363
11642
28276
31995
14735
3586
1039
37332
26496
28312
8129
4110
24459
8002
41362
42739
40581
37080
30040
14156
3617
48952
38755
47245
38161
11667
15579
7348
41154
19657
28648
30779
34451
28313
16472
38212
38654
48227
20128
15117
13776
37436
31120
11572
23723
35118
4431
16810
1652
49392
39696
1537
24919
13810
8243
43831
6311
18765
32011
38585
29773
33498
29963
18399
34237
31359
32485
36644
35952
49995
32564
14264
18357
25984
26135
6383
32540
29240
20979
44897
5910
31657
39842
19512
16463
9279
16169
41469
26153
622
23882
20596
27541
32032
19667
10121
34404
1098
24091
31210
21930
35208
44202
22614
5679
48649
387
41727
25751
44688
42728
6724
22949
1623
1882
9209
37238
8714
14507
48595
8316
22834
45382
11003
17833
39893
12874
38242
22558
36906
40740
5130
13772
44850
33259
796
24963
28672
47426
14591
29577
10595
45147
35145
24186
15888
39949
36664
30763
27040
8734
30287
22162
27981
31478
8769
5904
2682
32697
34312
44138
39378
33615
48400
3851
29483
33628
45350
34585
36338
38829
9743
43741
11856
6632
31760
16230
7343
46111
46533
44858
19388
19553
41952
18508
14291
19756
1942
47130
46362
17700
33202
28519
1386
40623
3792
47577
29299
3345
28815
33809
32617
30165
5964
33018
37102
11148
41368
41326
4662
17132
18553
3844
14966
45390
31725
34845
5419
19638
32969
40159
28102
6521
46137
27065
46993
23240
40350
18194
45027
31380
46342
2255
4962
21466
12733
520
3542
43122
49999
28017
13549
16663
8734
29571
49451
39502
9018
8105
11324
40207
42842
21598
193
14385
21577
28500
27593
49810
15363
33304
18647
20890
13505
34172
38564
28405
44048
20004
26998
3334
8055
11718
36687
39050
36533
7988
11274
290
19224
23214
6028
42568
42289
18961
8496
48200
34614
45350
34171
46685
20249
40992
5654
44702
27721
47575
29462
11620
27397
43601
24764
36170
13675
33914
44503
33066
6268
29337
22211
10288
49356
44841
35177
22105
30420
14123
13923
40985
32012
37832
42919
47448
24882
47871
14332
38002
8521
1438
28461
48682
7973
13047
20407
40007
27932
2861
10413
28946
37664
26133
31596
40633
9269
3321
40802
37373
9685
41334
25608
38875
14319
2347
31510
17637
40525
34297
14838
24563
36676
26042
14129
5605
1183
9568
36488
19544
47606
47782
37174
43920
42993
23621
31625
42313
4885
30891
31027
46867
17137
19131
21292
2701
30625
40555
49127
26481
15479
40204
3361
37040
16112
24728
35044
14510
34291
30536
45752
6666
26301
34110
26145
37133
41201
3721
39226
41308
46345
29110
31818
16118
44329
48058
34782
29321
11994
38614
19770
27189
48843
13781
33688
30471
31904
17260
24808
10752
44348
46378
31936
18570
43342
44740
14732
37745
10990
48617
32851
10955
28107
29160
1262
30700
42151
18181
37479
5777
34458
37356
44701
11221
37978
32215
34163
29956
14864
30444
20511
23305
29866
10000
25944
14028
28852
41562
33686
10316
26017
3979
45873
602
23043
45834
21625
8202
45592
40241
5509
27695
10673
25052
17709
26842
15949
3255
10723
39809
13004
6706
40690
34135
636
10995
36123
2615
41378
1488
11444
18167
6943
45117
29301
22381
32233
47980
20607
5470
43997
23360
29421
43368
34194
44574
3636
36922
14890
19829
37113
25345
17050
27665
42272
40797
25725
14592
889
23653
23356
46492
36366
19234
5713
4585
5533
37111
21047
36249
22061
5658
38583
48109
26482
45978
10262
8904
12324
8612
31150
47216
46363
13503
31657
34813
10506
235
49334
30892
22334
8313
11123
33075
39200
194
17559
36380
25887
44956
28823
12230
40509
17382
33488
30804
16681
1403
26152
17912
33129
11062
23133
38147
20388
20839
17095
40695
26190
31744
16559
47790
1081
27140
48973
26928
37520
32000
44214
6601
19085
9804
31666
39799
45534
37564
24657
25670
5837
6293
36915
22282
37100
30001
45793
7187
34278
11687
29109
27266
7617
22672
22125
3399
21646
9375
47920
11177
15040
18530
40361
36309
45189
31768
21802
49809
8520
37782
3099
21427
8205
37955
12079
33560
23530
33309
22999
5779
11772
913
39607
44147
17579
36508
42171
43067
26743
44090
29358
41375
4457
27312
32395
38438
26985
13517
34775
32481
38636
23644
41484
19353
33270
13540
4245
41579
39557
40934
30170
43871
9433
44022
5924
7069
32018
35604
42411
3157
26935
30186
38413
3273
31495
194
32188
6814
9789
3674
22994
32245
14844
31869
21156
165
40759
28902
2229
14569
17970
12395
8145
22973
47025
29242
9447
47273
10073
45637
30767
2882
26793
45591
8758
29158
41147
7969
32923
5216
22572
21922
36885
7858
33756
25645
13824
28924
1046
7371
28507
12935
48099
39097
17126
16514
14086
24876
15477
35518
12057
40265
5371
4266
34594
11146
48067
45613
36330
36876
23425
34211
11226
46519
34251
11535
48356
4569
38455
17415
79
47818
3637
4771
4860
42276
25500
25776
42491
41801
833
14801
47738
33898
7100
33513
48922
31304
13336
17666
4788
6304
6020
9303
41845
27146
37035
37570
19974
46550
45737
7236
13773
10488
35358
46129
7763
45547
38936
6578
27279
20042
11190
49734
22126
32255
24541
11843
10370
47897
48424
43306
46295
26255
48403
27267
22782
44477
44284
4158
31396
44600
38403
30850
3138
15068
41247
44352
26274
45384
34449
18127
17566
28242
1675
48928
32126
17083
32435
9205
48910
23811
39426
40701
36664
1700
19206
46480
41824
34942
48714
19886
36120
7862
42722
22095
29638
14841
31559
26259
25413
13406
13510
20854
35018
21598
3665
18284
38152
18268
38783
44699
43197
35282
39905
4961
4699
34589
32342
28455
45765
40847
9863
20932
19595
14838
43023
43676
37162
12577
44336
38451
44255
4539
25273
15112
36776
46134
20700
45746
769
33741
23129
31684
46948
48983
42342
5552
32050
11783
7998
43908
12820
6562
24836
41412
9050
31079
42808
25025
48806
35544
8223
21326
2336
2299
16812
41271
5078
20209
46696
17900
12941
43896
39127
33393
34039
13327
22373
9181
27786
10200
12825
21725
42605
4445
46887
4427
20949
26061
3468
35526
31127
9871
44240
15408
44209
27111
41702
12809
14097
48252
48781
16676
37032
7091
39792
26462
29493
26991
147
46189
14688
36105
35650
36302
14291
46086
158
41607
3304
39319
16180
6013
25827
13494
16685
18362
38917
12557
39298
16541
29471
42588
29772
39796
3198
13749
610
26529
7700
17165
21408
47402
42204
21310
22500
24201
555
11696
16414
45923
3281
44575
11790
12520
46522
33123
9187
4352
15493
30073
49841
27378
39093
36795
32998
7039
21024
5844
27751
15804
14292
46541
7362
31180
25425
48736
18017
11150
8580
15343
29488
33012
46360
46394
47229
24
1028
10947
16732
685
43584
6838
31844
7750
45180
4109
21464
17861
43469
10094
45790
4291
35420
29487
1979
31030
21837
36035
8866
22484
19202
7252
28085
15793
8845
34179
6696
41075
10076
19097
36019
33647
45895
41548
18986
910
33684
14264
3496
31882
9222
10144
27676
5054
45943
15084
31507
21865
18765
49608
19584
36549
29257
25115
48136
7016
3943
32470
34330
29010
1965
14295
8013
48146
47119
11254
17780
14327
37020
12377
23716
27731
42873
6458
42819
7588
3024
1515
40691
5471
38065
48959
32570
47531
23184
4025
48837
33838
3640
30367
18920
12039
20530
36692
47947
26263
9560
4858
40682
20734
23073
29014
26259
2827
31679
14969
20162
27944
13346
47557
47286
44071
49508
9358
17882
32338
22101
37128
48326
20812
39880
26353
19618
22366
43335
48668
39242
43242
9555
15150
48068
18253
29972
33122
38008
43518
49835
18295
18485
42449
27946
19369
35597
6389
5393
25418
17636
32088
35924
32328
17355
32334
28907
33338
16303
1116
9254
49301
11445
49740
43639
23528
3491
47970
17011
35081
33817
2115
8708
23854
1306
14918
26893
21794
10398
26767
1209
42553
4901
29745
1062
34585
17947
30054
47940
41356
42120
31043
567
17094
43462
47851
12367
22071
18861
39913
47276
8875
2527
10220
18229
27524
30560
11695
33949
33279
47954
18803
708
20267
17483
8630
27871
25058
25155
13493
12606
22351
27379
20557
14192
16265
40387
33010
27533
48314
12549
28960
9479
26328
31840
4133
43861
37849
32789
6681
31024
45455
48255
17539
20026
23070
43567
3913
23782
23682
26205
1967
48069
31365
2414
40394
46363
44439
41837
34465
31535
37024
2472
2353
6541
46858
23506
39722
46386
17405
9773
49932
35717
16621
5698
7403
541
32616
22456
4330
46234
48546
20793
40241
7693
37642
17519
5315
22060
42280
13739
18638
4410
30017
46239
32006
14822
43467
11358
44375
16858
9497
39210
43111
28023
958
18602
42380
43794
21138
47528
38973
1847
33237
9133
33710
29326
49365
31800
5461
5913
7307
38100
39776
10933
14025
15962
280
15639
28059
38415
16777
28978
46228
40526
246
11433
825
35431
19827
47422
1145
12784
23301
3514
19609
16393
25923
692
49595
6801
4707
44773
33005
5405
13409
40547
29818
24273
40971
6084
34639
31731
18980
10207
29223
36986
43145
8160
5135
31479
34445
26553
19435
2705
10569
38216
38777
43447
30547
48061
727
36530
36728
29829
19086
22504
5720
4432
5437
40654
2377
31035
44502
7266
46565
2147
27544
27782
11908
39642
25892
44946
287
16446
31904
16631
19585
2282
12165
34844
9427
31949
37143
9652
33684
37769
28924
45787
10394
29973
38616
24261
24303
28664
48040
25291
38041
47452
17648
35385
34739
15760
32741
8178
24360
47299
31376
7019
18774
32667
27932
8982
32984
10701
46379
39756
6800
48910
9749
49853
15032
13999
16888
30026
36263
9423
43682
40044
23076
5481
28794
36851
1920
2705
15117
44458
7986
48870
37759
32501
39883
23941
13610
1052
1261
12529
5065
24744
23693
21988
32492
28701
1759
30749
30849
48734
33792
37298
14762
45852
35137
31531
44437
8659
40078
15962
44503
4289
28612
20039
34113
37569
9095
40003
45640
8785
3396
35341
18683
4648
8221
36304
23470
48896
10192
31039
389
30585
47140
16911
18392
25938
39601
49304
1100
36840
23325
24030
4891
27984
46165
27193
10869
12480
41135
3747
5266
12610
16489
19931
2515
4728
40560
34695
28302
11254
18948
5464
12796
42561
49504
15818
5688
37546
48198
19022
16741
37274
16521
36409
43271
45449
49840
9315
12140
23278
8499
30871
22060
5579
27811
8867
6224
30164
35977
5222
36761
12802
24800
46227
26599
30428
24935
46889
7967
37657
14408
43598
10043
21944
40950
48243
47237
47320
34039
39240
13886
33437
40010
9940
35779
29872
19483
49794
28826
48575
40985
41860
24060
1464
32878
25921
27613
49307
31880
26826
19703
8351
39544
7318
19630
42413
13523
32244
35991
33147
40519
39797
8589
11210
5667
47817
46372
8596
17914
17851
17425
27162
43170
30048
18021
11965
5598
5044
3929
33318
549
18583
20184
40434
10751
44190
36774
1840
31270
38657
48633
19653
21707
6007
39667
36427
47997
18477
14372
11987
2834
47004
35880
32127
2017
35490
17940
19622
48378
2938
2028
34600
43184
38329
22319
31326
49491
46766
30599
49779
4165
9687
23932
12123
21413
20903
49953
14808
44474
30019
34130
39768
17857
21608
42911
6296
4571
41530
2870
6561
13851
31790
29309
12523
16567
39533
41184
5605
48129
34381
10508
14884
39538
2207
28591
10343
47484
32851
33185
25724
48376
15174
2971
8979
22549
6660
3136
43176
18225
15383
25681
44768
29792
40356
49648
19327
30243
26994
4301
48248
31637
34936
37874
37258
45461
13911
12509
14760
17301
40681
6861
25936
36097
28756
25324
4203
19872
978
1669
42958
14037
44790
33552
42750
29450
28637
18179
40393
28714
14992
42023
15562
34229
36086
23790
30066
9538
25504
2491
18964
25626
49403
32329
31381
497
12391
9609
18723
8417
46621
41380
40715
3720
44229
3117
31093
8123
24568
49123
49189
28951
21717
42607
30113
18330
6367
27697
1250
6635
21387
25333
39386
3805
4892
31397
27154
47604
5086
4163
29538
19842
44175
41372
29959
28599
40805
47232
2266
49994
17466
13267
15337
10825
21936
40869
36294
15484
47778
24398
11571
43320
47145
43430
7259
3636
56
47159
22864
4844
27293
1942
669
38173
44290
2295
28964
23200
13821
280
13750
24823
27291
41480
10499
36553
49350
14872
28236
35122
9361
37462
16640
17713
42280
32404
47776
45950
35881
36665
48196
3837
22474
35330
12739
49523
19886
46646
3285
24838
29896
44131
7981
18707
19862
12803
26466
38627
46227
24381
8677
13643
30702
13860
49932
35691
379
36508
2279
3300
47878
24908
15390
12769
19790
10371
13005
31631
13055
9290
13530
22980
41754
25220
29856
28736
43671
44416
17791
42959
4218
46982
39080
1979
38958
45424
31153
46281
37414
14230
2062
3235
8934
34120
6989
5508
29255
28199
49219
14201
32111
45700
4826
40087
24730
9509
47705
26927
9309
38981
43808
21939
35861
15505
6243
7169
47931
27261
30963
42117
27525
45777
25718
21584
16093
31619
45741
23308
31024
29337
6496
31068
18674
44898
48711
34920
9038
5465
37408
34069
26018
1759
23942
2271
3732
43445
21141
24143
19949
27028
34851
31142
5585
117
5040
30017
13569
29983
32899
10675
13562
310
15207
16013
11252
47656
32001
35846
17570
37547
46363
4415
9685
35547
7000
25322
41688
25590
29289
30871
38267
9333
40405
667
2748
17367
32891
44601
18038
30744
37261
22733
14773
41884
17485
49543
43576
34744
13718
31436
38845
48315
38752
394
49364
29587
1383
29491
24792
6981
18465
17632
18836
25837
36777
906
18097
40128
7981
13352
35525
39882
32554
1342
24360
4069
35827
24624
33077
34700
46688
4691
48588
2338
12262
35956
33482
37040
49799
29312
27578
5054
3546
41767
27169
31514
40947
38014
33357
49291
39808
45745
47828
47939
28908
9018
968
45438
13436
20729
45204
14171
620
49432
26135
8832
48149
29802
42898
49749
48157
31437
34710
29853
46571
37365
45559
11477
28718
31814
38704
188
41550
20875
26942
38119
39479
20844
4411
633
33889
2614
32810
45690
36097
2721
12263
47147
36907
47723
40584
22830
28860
25403
29790
14860
1719
10759
41108
12308
20125
44105
12307
1835
27887
40323
35737
22212
5171
24228
45599
13538
13935
3554
36873
12268
32904
866
34654
33082
16146
49309
22993
49998
39264
25381
24099
41424
35085
46390
16422
30882
23545
29227
39983
39792
4610
36773
15471
30441
15035
40271
16831
35492
21769
44889
14491
13184
24081
37934
22212
46318
18721
46918
43206
8304
24121
34787
11002
31148
16960
47853
19873
1090
38401
46635
25410
47733
8574
32602
25092
13511
9469
7811
42926
9249
22884
31790
26890
31380
23629
38624
4187
11411
17983
49328
11443
24311
29085
30424
15852
25273
32083
46012
19290
27177
23659
48891
14152
42615
17078
2629
38590
28276
20148
17279
26408
22089
48690
40729
17435
15182
3730
26880
17998
9975
7974
20870
21663
5555
20010
37194
48802
36485
43667
3465
47049
46186
38885
19108
17889
23450
25497
18551
3907
35149
35172
30934
44361
22839
13981
10617
3156
32407
20696
30065
26659
24635
42511
38341
11308
19736
40162
6679
14829
7453
17826
39240
18880
3012
13127
26003
38592
40277
4873
22092
6786
23709
15324
16
18455
34664
20037
40526
47150
11137
15946
2808
31448
33756
8151
8723
31144
21601
14223
28983
15598
22380
21263
48444
38206
27010
44811
152
1365
11538
38515
46425
6869
45112
858
36379
44677
9095
20827
6067
38475
45489
2804
20763
5206
1088
36990
4619
2648
41136
34658
2998
41127
38883
32697
44054
24561
44838
5470
44212
27814
12180
39661
15603
32979
41602
12527
27934
1247
30531
21183
33793
39417
3373
10501
30782
43666
21064
11091
42148
32041
15920
36093
43464
21614
48151
9540
9160
25035
36580
4593
36037
37622
28435
23108
24080
31492
35739
9309
45994
22775
49557
12975
4972
41190
32508
10005
41688
33962
47066
38082
32059
38859
45276
38277
14971
9660
48754
49614
23881
10825
40920
49182
28528
49422
15964
13521
9257
26426
20423
19211
32287
40979
23761
45559
40272
38133
9164
15594
8167
24883
19646
24677
8999
43367
15764
10951
37161
31670
18880
17417
11169
48744
15602
28982
38665
29703
39048
31155
5324
26389
23558
43751
13914
39693
42510
37542
12291
39396
8570
7323
45277
44695
40208
35567
47997
32439
23624
45419
20493
11496
41609
27064
23141
36199
8872
25645
27471
2091
37443
11330
5272
9152
18389
35261
42882
34135
46842
20197
10843
37937
18010
22824
29744
47723
39898
46417
39047
19009
40487
20071
36636
5355
47308
43927
40445
31165
43975
42916
15291
5754
31093
40275
19832
26549
47472
42408
24464
24832
37898
31905
28144
39567
24492
14218
25048
29605
46704
2644
27477
5431
19460
43887
2220
22967
30544
38003
48626
40530
15156
3419
38490
40391
35541
28016
48981
43465
40279
38678
24074
28605
3440
8514
43127
24243
31976
16014
47298
6967
30349
11870
33977
36004
29421
41043
33765
10530
9305
26284
24244
43227
42347
39179
46386
46974
25901
13794
34636
34830
41131
27351
43664
5917
30699
10316
37248
1631
49898
1948
8567
3662
1921
14576
3401
29368
30443
15880
2211
10968
12874
38346
12576
35058
12889
16346
38419
33211
16066
46668
12364
43059
7319
20642
40824
3892
20904
35146
12448
20016
14402
34644
37772
6072
1059
48254
46503
47380
10077
7066
34912
29075
17030
41004
22186
3103
23702
49368
15023
9599
19453
27696
26136
24331
15164
22361
18414
29625
18615
34827
41894
11270
4963
11746
302
44385
29910
33140
13041
19881
9079
6386
19791
20404
42464
26835
40159
47857
49365
11597
48423
29402
9277
9792
2234
17048
36770
8152
18264
11299
42075
46990
4336
42385
22787
41731
5339
36000
7667
46432
13953
34581
7535
43630
21217
44557
4882
37731
33983
19035
40571
40444
35354
6968
4232
11163
29513
48894
36972
26256
22675
36331
36683
37779
28070
9611
2774
41403
4548
38538
43406
9531
19253
8301
5336
27599
10094
36932
2231
43507
49375
20295
11357
11157
47553
6718
41169
40855
11934
21746
49528
5857
37941
3933
49880
35149
35816
45676
14409
34651
38702
5519
7174
42119
24667
21638
588
23674
27285
20039
11401
32887
2951
17149
8015
6763
14707
10598
32707
2808
30929
10671
21387
27343
35886
18319
15445
39263
30608
42316
32418
46430
9691
19681
4928
38106
800
3240
12521
8641
16881
27412
4270
3126
47207
17115
39798
41634
35989
11332
25253
9455
46656
28254
4628
11334
38421
3569
37841
49170
4085
10137
16755
39493
44457
14108
38939
32780
24961
14125
27999
30556
5898
39532
46285
47241
43895
37996
18482
41494
20072
41238
17378
23578
48412
34524
27646
9827
11200
14813
39265
30293
35054
25335
43167
28635
14653
34788
44860
31472
44947
24514
8629
39850
48911
19296
1067
6246
7735
29525
38271
34833
6733
23370
9737
13119
4947
23642
20422
46041
27308
14199
47176
15263
16378
29846
36593
10550
36330
16462
17689
10306
17172
9364
40498
31139
42126
19209
21858
40434
41441
38655
10663
18550
18637
11409
21017
7503
8431
35024
22136
38133
10220
36031
15985
35292
21496
38143
9181
40136
34644
1869
9639
34438
41693
27296
8505
7456
26568
44625
38523
18679
46183
21575
35630
18665
43852
26234
23552
9245
39487
17929
21249
1970
5038
35941
49841
19160
48695
25136
25373
5550
21509
6068
33680
753
41693
28497
5080
43441
22190
6856
15572
25280
16965
17545
40168
18862
11101
10425
43406
17606
29385
27788
7398
37695
10054
16991
16426
44696
36578
7482
39390
46707
13984
45005
16136
20624
19640
8509
19289
7833
37481
12868
6419
17093
47713
43882
8478
25572
18412
42317
22984
44034
39336
6473
12729
47965
42721
6067
49256
36623
32540
20619
2213
2879
23683
34855
3526
39637
3378
30127
6330
31594
41943
2426
37579
42759
29765
4514
30495
22463
9784
45366
9546
45387
20135
37678
17956
26767
22389
49249
42279
40638
44456
39692
22831
37118
17296
3512
9046
25073
43102
21607
5380
18655
19833
4056
25709
49169
38242
17491
26110
17195
998
22403
1981
9958
17904
44380
20551
29389
31143
20520
46973
11573
13822
17717
16718
21461
26162
26513
25412
37259
17561
30528
27278
39504
24361
13554
49458
36797
48611
17073
21683
16387
48282
40723
46272
16291
21471
44356
43614
1564
35609
33245
34853
17153
14147
964
49636
25793
10183
40392
18603
43730
22533
34890
25055
14049
20683
27165
32062
4604
1245
7898
37731
20105
12493
8348
19148
38698
49893
17322
32941
21155
45789
49486
27203
6848
45816
10394
30956
10473
15048
10350
504
5039
42897
16018
22328
33466
22980
48703
27968
9806
17952
41604
40646
42504
31783
49147
44247
163
26909
39540
22761
46528
6278
19375
12157
24934
31607
2651
30039
286
14432
15367
15552
11015
30690
18959
27637
19046
15590
16909
33568
32921
40347
28186
5832
21632
36041
24236
20250
45291
18918
3684
46273
24765
37375
11151
36039
8899
26699
989
11643
14595
48693
7749
12966
14682
17482
28395
488
45229
10513
9741
12908
15117
34816
19280
39486
1743
15426
36404
5946
5347
15132
33785
11689
17932
29410
18870
32923
14223
30551
9423
16098
7177
4135
13871
3115
9283
15493
45014
2672
48937
40719
46537
15276
48604
10973
46184
23726
30903
9741
44373
16636
22595
25879
13171
9747
18993
23799
1220
36129
49795
43605
38524
590
33778
49512
24781
11069
10000
20312
38933
39183
30926
15542
37998
2738
46921
21188
30350
13180
7468
28536
14732
42105
22479
41748
38547
43170
27786
24404
27972
24770
35768
38886
12220
35368
12855
22766
44786
20799
7857
31935
45606
22021
30101
17911
34658
13764
32220
47492
42811
37110
14487
40692
30560
29951
18421
46108
33666
365
8023
3762
27782
40488
49878
35619
14529
870
12248
21611
1453
32166
21398
47383
19178
12275
7621
31307
10911
11145
22427
37895
11856
7405
46450
9439
39415
6907
3752
35724
42207
14498
14945
16411
39122
602
2533
40567
29217
13112
43825
34915
16128
44364
6576
48361
19852
8016
44881
5492
41215
45968
7988
25767
11370
37500
36051
22503
28351
15084
30510
33455
28851
19751
48358
44004
12572
21300
14169
42779
47010
40834
6290
14165
46026
32958
34229
21964
3213
34394
43019
34287
10793
39426
29915
1043
38776
43328
38257
32223
39810
4051
10793
45967
15094
6989
7606
24532
23918
33703
10457
48224
43429
10649
11796
16187
293
16662
47244
41114
39523
10505
22287
20738
46994
25559
17795
16747
11928
36498
9767
21537
13857
11484
49224
20085
37370
6587
36909
8756
16742
7504
14020
22967
26483
45683
6018
31495
44330
16056
2810
41495
12755
33361
575
1627
45640
44678
23061
34521
43443
41506
40531
23954
841
31275
20573
48404
48707
29459
3302
5874
23126
11189
49568
45515
46440
29543
10583
44242
23212
32217
48220
25186
47413
49088
14415
15281
43924
8853
9457
40302
35141
41376
25483
45642
43544
41516
19608
43079
20713
49290
39488
35508
35395
29429
35636
40569
4553
49306
30084
28717
13821
14350
39593
40879
29885
22790
22239
3404
46464
2883
35402
5044
49077
33660
39877
12148
17577
37021
40888
19706
47673
7936
37735
39726
6692
18973
49550
11599
24953
32907
37851
594
40430
1997
44994
15598
40076
27633
29233
4417
7151
12573