98
1271
9551
8360
5094
8161
1977
1696
8717
3999
4892
2684
752
8641
5506
7431
634
7456
6664
2445
5577
6373
1312
2272
3975
1583
6970
7977
401
4146
1896
6406
2037
7038
7345
3093
5091
5688
6433
4356
8950
7588
749
5849
2151
5039
5582
7105
7463
857
7629
3686
388
9598
442
8945
5557
6045
6552
7092
9693
8377
2641
2928
9988
2211
7674
9513
5458
8210
2622
862
4781
4226
8082
4361
212
8212
1423
9752
8635
9554
4420
3726
7433
7470
6522
6752
864
9274
4387
1158
2082
1660
2358
4589
8604
7594
7106
8207
7553
1002
6357
3723
8356
2809
6855
2029
5742
8965
5704
1549
6735
3502
3500
1537
3133
4453
5377
5839
1881
6516
7939
2541
4206
3876
4258
8559
2699
3242
1022
674
7099
4164
6329
3398
6857
5718
9356
6848
3593
2585
2369
7328
824
3953
5400
7561
6399
7202
5839
8421
4988
3034
6157
6666
2721
4511
995
459
8371
9583
1175
8084
8889
5086
7
6748
1606
7703
4479
5953
5686
8401
2574
9311
2124
4753
8288
7479
5444
6956
5333
3416
931
932
8886
8180
2023
1856
8524
4571
8051
8920
6016
4408
9485
5435
9398
6914
9825
9089
1187
2024
7617
747
9766
1571
6060
2953
2314
7410
9311
5159
9147
8611
3430
5949
4250
9688
218
4471
6256
2546
6227
3196
9703
9534
1442
7666
3594
5983
4524
7273
8026
4466
997
4169
1319
4165
3532
7486
9879
8771
8843
296
5582
5131
1856
8018
9829
8917
3657
8842
1184
7701
8789
7829
117
8325
1987
921
7252
4520
1928
4154
657
9276
5252
8520
3734
5513
6872
9121
6717
3505
3196
3621
7011
4051
7752
968
6210
7636
8757
8176
6232
6205
2647
5071
5240
5229
8682
2952
4632
6489
97
3144
3225
7373
1638
6881
3097
6254
7523
1920
7375
4004
960
5940
7631
4045
2032
7873
2678
6937
7566
4199
2828
8710
7029
2642
6791
5194
3682
5080
3967
2407
6635
8105
3985
5645
168
6756
6967
6128
9574
9320
8180
8333
670
6451
5587
8689
4375
4454
7376
2512
9438
5511
5271
8336
3257
9610
400
705
1251
8241
8916
6111
738
5470
7284
9398
2164
270
4798
2638
6833
8342
3262
6095
5621
222
4882
3159
767
1645
7083
1730
1643
2928
596
6844
852
9564
9201
9358
8717
7497
9194
5474
1638
5410
9509
1351
1525
1230
9607
452
6299
7915
1489
4668
5073
6506
2539
7244
1609
5766
1392
694
4536
9172
2956
7145
8801
42
8935
6247
3210
7801
8722
6698
8429
7248
7264
3512
665
1930
5788
8931
6291
10
6790
8231
4355
1641
5165
7137
8450
2583
2007
1834
1886
9562
9091
3972
7008
1173
4765
6161
2586
6643
6959
6606
2819
7804
6428
7142
7277
1692
7081
6779
3734
2885
56
7026
7578
1999
5921
9961
8158
50
4708
2501
6105
9223
157
5856
9151
7337
9163
9142
2789
5264
6948
1648
1450
729
6199
5581
7706
8416
4095
3225
655
9407
224
434