3642
1145
8673
9930
5027
5259
5300
5475
2820
3384
5056
9403
5624
739
7367
1676
1123
2480
6825
9135
8166
7864
6489
7945
1231
1925
7938
9560
8714
1351
4003
2925
5676
941
3894
2133
7047
5419
7137
5015
1801
1762
4398
8847
1430
5499
4689
6188
8856
2228
819
9390
7153
7233
5421
7491
7859
1241
4462
2827
436
3805
4692
7999
5383
7238
5140
4021
7366
8451
9238
8526
7957
9381
6767
8894
5436
9505
1821
2698
8858
1165
8177
9479
1429
3842
3798
280
1679
8978
4590
938
879
7154
9
8935
4855
76
1645
2707
5128
3436
8189
522
8203
8718
1960
466
7468
1138
7484
8227
2093
1255
7247
2937
6010
4543
8566
6098
3648
8485
3755
2983
6369
5677
4243
2347
2563
9182
188
6080
6118
3583
1244
6206
4884
411
5769
2328
8142
2408
6025
4759
5934
4597
9959
6631
7751
6936
3354
6656
9273
8716
3855
4626
6249
4374
2656
6455
3584
7271
7700
1512
6638
295
8158
436
3093
1696
1905
8058
2961
4434
694
8255
7287
8457
8803
6142
7295
9153
1148
7520
363
4436
3477
7921
9557
641
7758
2424
7332
7378
9706
6052
5714
1692
4949
2105
4216
1539
920
9600
4698
1442
3635
4493
4496
5795
7760
9163
3507
1516
2535
8661
4339
5882
3697
93
7410
1307
5411
3423
980
6572
9497
8725
2589
4061
229
7546
3534
607
4949
2340
9964
3947
989
1874
69
2062
4972
8990
8097
7291
7485
7033
1492
6719
670
3031
5712
7075
7209
6081
6863
626
6093
3064
1247
7967
9490
9188
8930
1548
1130
7632
8712
6174
3902
8713
9182
4610
3377
5064
4903
8441
2204
4157
7436
3682
6251
2820
5516
9592
2466
6503
7162
6981
6867
4224
9702
7860
6917
1123
1289
2639
8672
8525
3568
1479
8029
1325
8994
2938
3266
95
1469
9254
226
8551
6360
5924
9696
502
3462
3310
6367
4473
8288
5634
7389
1917
4885
8139
3353
332
6761
6836
3882
2312
4190
1526
8405
2403
24
5595
3380
5017
8235
4472
3052
3255
707
4222
8353
7128
5229
8291
3903
4091
8994
1779
4453
5780
9367
8397
7488
7607
5619
2444
8587
5615
8092
7221
1089
8457
3399
5324
3061
43
417
9391
5745
6793
56
82
5487
7650
3147
2756
286
8356
8420
9750
5910
3811
9407
4928
4823
7752
4088
3691
3127
3826
6466
876
2664
9729
88
8454
8687
5406
5595
3048
1529
9256
1857
921
2870
673
7033
1177
1436
5679
1381
5708
8134
8011
9762
9094
1037
170
2571
7297
3764
1789
2568
1807
7504
8379
2190
4077
7846
5122
3131
4677
6406
4171
9282
2235
8445
1011
9129
6745
3343
6597
9941
945
2608
7225
1353
1173
7714
3892
5458
7999
7425
8631
7436
8304
359
3892
9686
5131
9071
8646
9058
7081
4537
5388
9585
8325
4372
7136
2848
4082
4468
9385
9161
7203
1397
5184
2550
9808
2932
3824
1829
1352
8128
607
1963
3816
4370
9709
1787
6617
3663
1516