3338
8354
6288
3474
3898
5184
1830
3987
9595
8202
6916
2074
3946
459
4002
2453
1942
7562
3234
3893
6355
9570
7428
1011
4657
5747
3026
9216
8064
5263
4388
2375
7863
6644
1522
1886
2527
5533
7213
8379
9976
8612
4119
5079
6125
7390
4160
2586
8913
1618
9806
6226
346
6982
3822
8261
7117
4922
9170
6996
7048
2514
559
1875
8102
4380
3586
6571
9860
6830
4456
6378
7115
5751
1321
3823
1340
5535
9931
7145
2018
4716
4246
733
7743
6234
5806
4452
3133
347
25
7826
7834
1068
5615
262
799
1373
3308
3403
8911
8926
7880
2730
6802
14
43
5215
9813
77
1349
7192
3251
874
5913
4145
8139
3705
4425
4024
1484
9083
169
2907
9
7916
7539
7896
5881
8296
9628
483
9706
9441
1552
384
2543
8211
8819
1589
1457
2589
7816
5815
2937
4298
8674
2622
6300
5650
6851
7839
320
8775
1282
4528
3978
9836
6416
3614
4396
6366
6025
5828
490
9060
6080
6903
9688
8902
5563
6661
7956
1840
1032
791
2861
7055
7361
6292
3534
896
7773
5591
6867
4673
397
7287
3720
2777
457
5305
2115
7204
7550
8625
210
2285
580
3232
2926
5730
5698
1858
4477
8793
8901
1858
6204
2621
7947
6558
61
5627
7581
2217
4562
689
9835
8854
1093
5450
7042
2830
4372
9380
7580
7730
2751
8279
5470
9965
8433
8575
1414
4769
4340
8995
7421
3148
3929
6297
906
8463
1386
1546
3881
6532
4404
5434
8237
56
1307
6207
9972
5044
9228
2601
7582
4001
3975
9081
8987
1302
1623
9879
5393
3621
5406
8817
1869
1352
5761
8935
9421
8526
2810
3984
3545
575
1695
7987
7709
3745
1081
4316
9974
9280
4380
1914
4641
1370
3954
5752
5267
2335
4584
6506
282
9038
1543
9503
8049
7501
4038
5133
7885
4844
1659
7916
3330
1946
4805
4533
4743
246
1736
4735
3600
8273
2090
5893
7020
3359
4809
9713
3119
2174
1811
4147
4341
7929
2049
8512
1091
8023
4629
120
6237
9087
918
8074
6851
5630
940
3918
9538
8592
7984
2300
8829
4614
8288
9104
9779
3092
519
8461
2858
9185
7275
7845
1606
1510
9807
5627
8078
2634
5739
3966
5857
7377
2768
8263
5974
1305
2326
4471
5934
9595
8049
3697
1350
3397
8688
3854
8880
8100
512
3023
2510
9184
8732
5050
8932
5934
3901
1423
7779
4657
5180
610
4796
5211
3208
5296
7391
6631
5920
9153
6763
7550
7399
4171
7184
8845
207
4817
1196
7488
5009
6925
6706
9786
69
1668
9133
5786
9004
6350
2805
9925
1698
6382
1220
8093
5156
2349
9594
6989
9554
503
9628
6724
7697
7560
632
317
2306
2564
8469
9920
3584
3650
2523
1427
5921
2648
4227
8489
1626
746
9590
3120
1712
5855
2286
2372
4909
4024
1583
988
2296
5223
3286
7854
2836
6668
4964
5093
2968
1277
4971
843
2320
7531
9729
2532
3533
7362
7585
4720
1775
1257
1367
6036
7009
5972
348
8313