6245
890
8459
4129
6439
2054
127
1494
6496
3357
312
6150
4409
4168
6943
9177
7956
1139
8018
3569
5446
1469
7565
1206
5109
2712
8989
1115
6097
1858
3825
8607
4442
3045
9739
33
7217
9080
4180
319
5790
8304
7965
3456
3997
7159
3511
6853
2178
36
5239
635
8204
5321
6927
2962
6156
4267
8978
692
4221
2354
7767
9126
871
2721
2106
9560
7357
6507
5759
4595
3730
5794
4103
9059
6273
3051
6025
2841
9822
5886
7298
4529
672
4718
4411
5814
6701
3632
2737
1660
6444
4412
9848
2211
2420
6635
861
357
5181
8608
9631
4928
6356
8768
700
4662
3927
3201
1430
4729
7193
9905
856
1996
2025
3270
6265
6213
8006
5011
9297
2269
5529
2253
3103
9217
9693
6438
1418
9963
9890
8370
4107
1926
8811
8506
1796
5504
456
9450
1311
9010
2827
2054
5179
9760
4462
8163
7733
7142
6327
5218
2059
5587
7221
6522
6312
6172
6856
1743
6946
4812
5529
5920
5076
9713
3827
9624
1461
8901
632
6662
1676
5251
5308
5014
7144
1502
4560
4455
3019
9115
6714
8602
9832
4240
9056
6290
8955
2468
7925
2044
9684
7123
5019
7276
6546
1716
3637
4681
8922
7300
3054
2256
4948
1289
5699
5125
2889
758
4217
5641
8552
5920
1723
2055
4392
6706
3495
3768
9767
4168
8358
7
6960
2939
8377
2014
9823
9072
1426
7793
7643
4199
4854
4485
9361
5580
9900
7914
5137
635
933
9112
12
2283
9000
9261
7529
76
4535
4830
2506
4674
6803
8218
9992
5245
3169
6627
6206
3982
9280
798
9559
5835
4263
9842
1875
8280
3944
875
7689
5444
9351
9067
3115
1497
9375
8750
3921
8544
2553
7700
3745
9666
1791
511
605
5102
3653
1936
8489
6390
9396
9963
3247
7247
5898
3885
7257
9687
6031
6822
3807
5894
6867
4513
3518
4176
4466
4346
3216
2648
95
6803
115
2653
1863
9059
5676
6598
96
5308
7688
3654
8440
3194
2626
8336
870
933
217
4058
7507
843
7666
3676
658
5047
4778
1697
8736
5227
5824
5768
7847
831
2128
7932
1044
7501
7493
6257
7102
7574
8628
1992
5862
3717
914
7835
6392
9550
1826
5130
9364
1815
3054
185
2467
8574
745
7202
3637
4787
6789
4075
2465
3092
9243
9405
7115
57
7596
865
2863
4805
5388
3177
505
1252
2596
1470
9936
1009
5409
5366
722
4904
922
4694
6907
248
9206
1051
2225
1124
6992
8261
5478
2945
7113
9223
4731
4765
8507
1242
554
1115
9017
9862
4253
3363
4124
6142
7118
8263
2305
2684
1061
5887
5696
2600
5146
8577
8507
38
9186
5003
1221
4271
2560
8602
2039
1273
3085
151
2264
3460
4663
1008
8425
2766
3890
9003
8187
8910
8629
4242
8562
9043
9020
4017
5734
7004
5892
2888
5409
4331
3049
1943
8841
1436
1131
2523
9177
5693
2603
3839
97
4867
3887
2884
2362
6611
5312
6212
8359
2302
6404
6102
2944
4260
3007
5045
8266
6015