21032
21258
30675
27172
39212
5828
6883
41531
7490
14519
32059
49636
6813
47924
29870
4598
3476
3917
37448
2709
8269
46732
40751
7323
36747
21469
40376
30156
37330
29067
9081
8130
6305
31337
9176
3190
43299
11853
1214
8471
40950
14960
42840
7958
26680
14890
4139
26056
21980
15126
34706
724
48355
13712
43078
211
16497
47356
10056
4350
9485
42168
42805
48484
17290
3083
32585
14879
34710
21989
17985
37587
9189
10267
46951
39339
38662
8332
36920
4240
37604
48011
22694
22243
47595
36469
44709
10433
35332
46520
11871
2728
5316
30708
29042
11115
31708
24607
21322
2425
44364
32622
16187
23722
31615
43083
48180
11587
34168
3576
8690
29586
9161
18755
6635
46012
10471
18689
28455
33907
15920
47558
22370
34559
19043
26885
4093
24495
10698
41961
15458
46638
41808
22127
32350
20445
22024
17102
5814
43818
36976
20113
40193
4806
8264
5696
26300
40914
39063
2691
10560
23763
19946
29709
32608
17970
19342
6477
2687
10998
41832
48613
29072
17553
20310
17008
13212
45188
47371
36000
36957
40946
2348
42300
4483
13413
31959
41252
25126
31221
49491
5588
49232
1915
9160
42702
108
41569
27372
20164
39242
14840
38037
20143
623
1083
47526
4897
47331
3730
8260
42884
22761
1089
14056
45842
27383
46407
40821
21292
27789
13461
3344
45038
23321
86
25498
19052
12009
13455
37965
49978
21929
15962
17919
26087
36372
8392
33899
7259
29384
47995
22105
7272
28856
29605
40108
15793
16262
33936
15347
49184
32729
20148
5460
46024
42679
42344
29097
31854
6126
4802
29735
32512
27939
40093
27354
14447
42253
28396
36168
39932
20974
17502
39527
31243
44503
47388
33061
27991
31888
24740
48116
38250
36480
3760
34011
27226
24001
8154
17549
6981
39256
17442
14607
42739
3729
40448
31033
49252
45275
32912
49547
12532
308
3615
16300
3666
412
14476
32725
13298
14469
25268
43107
47073
23155
22699
6066
20394
25092
24147
8811
29744
49030
20876
9329
36424
49581
41539
12866
39959
36559
7444
16948
47280
31027
38343
39499
42888
26225
16371
47978
1858
2370
48635
19702
4972
49975
3373
14094
41394
14013
32416
29178
41352
30595
49997
11305
30725
47959
2728
41023
26487
16503
33203
45775
43568
46589
42376
30140
6058
26369
27938
7602
38167
3372
978
19696
30489
35009
17729
13950
46500
21252
22107
45675
32422
13066
1299
19050
17750
17469
19274
24112
34168
11382
10422
41395
27284
14025
42627
45580
6630
6458
46453
12172
6930
44307
12912
24673
3420
18890
41381
32046
37859
6748
3240
18593
16209
49128
27996
1946
4167
47694
38662
34799
47791
32132
35021
18757
45702
881
44946
48645
36422
18209
18798
18524
43826
25229
46192
19375
14753
10523
32658
18612
48103
36414
645
10190
32245
10784
12851
26242
9427
14704
30588
1205
46124
38787
13444
13288
6176
33604
43097
45100
35502
9329
37715
35515
9020
14490
24385
15559
31685
15906
22582
25527
9725
36675
9377
42686
44477
22487
31606
10639
16531
17704
30322
36619
16247
7004
23371
5312
2219
25319
16772
22348
46198
25236
37796
4384
10159
2615
24713
45983
39374
46146
48494
12376
28470
39644
41179
13913
1609
36360
23932
49596
13017
2639
18826
3697
45451
8823
15581
11161
24511
13452
47923
11125
14326
26693
10136
40045
27971
29619
7530
18932
27269
28991
36425
9198
2067
1004
5694
41143
20352
28217
31772
21725
13675
3459
1403
24387
38654
16608
6320
46519
4749
33951
6699
11009
43945
48996
10655
42012
9558
40135
17807
29914
14240
42765
32209
26260
48106
20321
17216
39206
28326
33380
23399
29765
4416
35499
32447
42119
20373
17087
48279
44978
15249
42293
29161
46224
16175
2621
32865
20639
36348
12050
34176
7164
4965
310
49140
46600
436
44190
44232
46390
34634
2123
11527
16191
7014
11889
2867
48463
29342
28964
11024
19655
15286
27201
27446
41904
12345
49794
49942
37349
41485
39771
4463
44143
19720
42316
31844
8190
46391
26021
13942
16685
43302
3689
7003
26642
7634
15245
29114
25137
22286
49158
24139
12583
4381
22725
11984
22920
38544
41837
8400
14681
3281
2793
25685
4002
15773
37670
37941
31227
43496
42381
9920
11453
8683
34057
47845
5151
7845
28765
3654
36785
46252
148
45367
26822
30886
36973
6377
8006
10286
27851
11236
15459
49392
37065
25648
28173
4797
4114
41615
25774
18110
16122
33686
21357
10114
26001
28921
14393
7517
16000
40522
25164
42911
39605
9705
18204
14246
31384
33199
4704
49479
26143
255
17396
46490
43903
47314
45173
48491
6067
13557
5831
35423
13093
17966
496
19316
16550
2855
588
26594
590
37965
30739
15404
622
1236
42
6805
27733
45979
15766
46946
14589
43651
31662
15278
8299
37807
14903
48355
13545
15607
34075
857
46133
37609
6702
11871
3371
13441
19714
47154
40425
3477
40687
4331
31131
20666
14901
32193
16002
16979
8155
27066
33645
14690
26377
18270
19278
26035
49375
13032
4722
29403
16357
20675
13889
26439
6353
40805
10794
12539
4245
42551
38816
27572
3885
12397
12836
171
6365
3542
15446
38656
42555
36317
11191
29101
26016
46311
25697
36613
1408
8865
46451
1190
47043
19364
14041
42169
24611
42597
26924
15882
22995
28744
3303
12231
26002
47093
2231
2945
10412
23619
38177
47928
1957
16589
35595
20972
2831
39197
45664
25107
41855
22913
21849
41601
26003
41011
16807
42439
13109
26387
14843
45184
48387
19030
23253
17578
32655
3897
19788
5012
16329
24653
31928
8359
21333
38911
31584
42003
15855
34083
35275
26794
23644
26067
35553
21858
6870
30339
22241
35684
3916
34792
27851
36469
13895
2797
12311
48525
30575
46830
5257
6789
49396
4406
28791
26145
33837
31452
4483
34612
3514
2489
23667
41011
9298
39026
18819
38545
36706
27964
19230
311
45061
40557
15463
10969
45997
29635
27606
5508
27319
36187
44074
45839
41290
3992
13008
6528
20235
7563
29748
48982
24693
414
15629
31930
9466
18227
10494
36916
41236
27745
45656
32168
11807
16595
2761
33838
7661
12057
15254
17360
32402
24418
6468
28238
33937
23642
30956
20699
36360
34477
24398
40343
13859
23265
49565
29996
46098
29214
25089
16738
12046
48492
47440
8760
30486
1412
29282
1838
31659
43957
22411
5907
1854
5501
5758
17166
31310
9054
25989
19019
26671
16394
46441
48343
39606
35853
46999
9028
30976
48168
9517
42683
16168
48004
17674
45014
31397
14796
13272
40988
47210
7876
39400
9064
42058
31613
15242
49079
30066
12959
20634
48593
13697
49826
12218
9260
37749
11198
27053
8784
31866
547
3137
12809
23760
45401
33976
22802
3701
47263
4208
10945
26145
11306
10829
49091
37180
712
39588
10895
36562
25013
42155
37502
27595
43598
8763
13205
15557
38299
36694
21927
31303
11896
39184
14295
11183
2725
4106
20112
27407
122
12146
17183
33832
15688
239
20583
40999
19318
49327
48954
36559
9699
13512
33038
2333
26633
17087
10315
12959
27044
9850
10631
9276
1678
47457
11831
39016
36716
21321
14877
42674
46255
18026
45918
4970
46687
45492
38542
46779
24197
34932
8556
946
14589
17868
29324
43437
5341
8656
20585
28652
37632
27183
48838
37709
39529
42457
32283
49380
45880
27742
14828
24225
26750
49486
32385
2099
25978
37074
28996
15063
5077
35557
5301
18900
22549
7670
447
31036
35235
17579
20313
15731
39072
3780
28926
11527
24196
31051
35462
14131
20135
23039
7963
14552
49968
41048
7411
7700
46747
7737
28619
34237
14198
3351
36162
4872
8619
36519
32776
7002
42430
11489
37041
6451
27460
5326
43095
44071
49902
49965
15029
23169
24057
29589
47858
19850
9059
46956
36215
13934
37596
16135
7601
33977
28712
13858
41725
35296
2234
4847
47672
30826
36421
39331
45059
27222
32898
13590
30939
12399
12168
19760
2141
13740
19724
48074
13404
20434
2023
46845
20855
3766
6871
29742
31191
39969
1364
35798
43059
18088
9898
167
11837
47146
21709
7231
1783
46815
49238
19829
5888
30778
4079
49709
28509
40342
40952
39865
16999
2575
10227
14742
1592
5885
38806
21077
20528
41520
32839
14119
39476
29962
38408
1522
43197
2622
31822
11354
34058
30624
9818
10539
3727
22375
11161
20650
45867
26545
34986
18558
20142
33554
14019
16329
45619
49185
1469
6563
23342
25725
37192
37845
46367
20993
12232
10834
31589
13487
43632
6770
5246
43956
21946
40304
49914
4666
32568
5902
3572
47596
8150
21766
12363
36827
38849
13095
30700
43256
17636
26645
41677
14556
38747
39455
4333
7764
29967
42543
12099
1504
337
15560
31498
45316
33931
32075
40513
2292
45811
7026
42096
18928
34349
11106
45732
2495
40109
23193
2332
16155
23607
46093
20038
24127
3297
9673
30106
17248
38337
35058
10439
31918
33739
19947
40008
5019
9693
24920
35959
3917
17898
2659
47504
43676
82
33090
18129
3973
14299
38354
25433
26169
35691
46236
45821
17075
23428
35551
38115
17846
12456
37337
14925
25945
11392
46292
1664
1469
20142
38606
17201
28477
9618
31948
28465
38162
7292
26586
28417
22241
29646
47693
29193
31680
35918
47191
3664
46998
38067
40882
3717
27775
21533
13899
14982
3411
26533
4400
15928
29704
2690
38951
48550
9756
46983
11477
13849
37836
11971
28284
19725
49681
37417
40345
753
37714
8203
47513
49905
32436
41663
14193
48901
47895
49419
11050
17757
36489
27917
13509
32717
23311
46597
41884
39691
28406
6208
41545
31458
1963
46037
39934
22915
16312
16815
39074
44174
45672
38223
44394
11218
29629
46383
12040
20374
11258
25083
44700
42579
47638
43565
9157
48608
42076
18681
21230
31094
31797
41131
966
19128
34337
9913
48535
15890
39625
33830
49496
22172
650
5821
6498
10733
47192
19362
19205
46991
42049
44574
9074
581
3149
11167
4571
14195
47213
4611
1026
18110
14571
14980
31492
31443
21191
19136
11509
19880
18794
41646
49727
5935
49354
6403
6741
11450
46751
9434
20624
49182
14700
46224
19516
39549
34329
15315
22861
42963
13652
1495
3830
4800
26332
9618
25766
26367
46582
47991
35566
31668
10071
22443
45730
8060
44052
25650
6072
12295
18150
11469
26385
42793
28221
11724
1917
24694
8571
2759
31685
28049
17286
715
24013
40335
28735
37939
9173
40954
36224
36195
30312
15686
17298
27276
28643
3451
9983
18809
2807
31397
15792
1701
34054
20116
6360
37617
6989
21828
25158
31104
46090
32597
8466
30113
22606
45589
44780
29315
2305
3175
16142
7578
15221
6791
19419
27311
48454
4725
11357
598
19548
40225
49669
16136
28766
46448
43476
10103
20213
14747
43045
8116
24033
41695
12500
49568
23224
16932
30955
22104
39924
14278
40769
3594
15399
31117
20921
39339
39738
33309
40852
23548
3118
27193
47743
11526
11298
5900
30540
9472
44920
9800
37917
28790
29855
48776
21879
41704
33243
7061
12658
31305
30446
45167
39234
20454
46125
19773
35274
18464
19390
38061
6330
34712
40154
15158
41216
25466
1709
41777
33612
42348
37526
31630
46228
19377
28417
13112
38130
48452
41358
16279
5332
33728
33128
38389
15838
35172
15110
32406
8142
38053
35547
43127
44227
46526
3117
10097
43230
19289
4809
27652
26904
1379
43110
5281
28636
4086
48385
42453
5007
33028
8095
43300
45599
34692
35527
16201
4226
6970
2285
15404
41970
28230
11309
29927
13317
21780
48344
2517
26534
3450
9373
9406
41778
44235
14196
8214
47867
3926
16089
903
48316
6314
17766
43587
39989
46595
27843
16395
7475
20342
3305
30574
49118
6585
16654
5994
2993
47568
17723
30946
42538
24394
20302
34745
18707
323
7384
2758
45018
10022
47435
26976
14416
25269
34565
462
5129
26124
42959
37954
27553
7098
22919
10233
47978
5306
23356
12837
42763
19193
17838
14223
5478
3253
34638
47017
4196
13032
2942
40214
27846
19671
18888
43431
34363
12600
10298
44163
731
47729
34402
29978
10633
10252
11093
20420
12725
17743
12715
18247
49381
47055
34554
32036
17381
23592
2487
9573
3079
8727
16336
40781
13356
16291
38614
22052
34109
17335
19974
2732
37783
6632
26604
7382
28393
2787
46378
31511
46563
45230
47070
21652
35725
35203
38938
29940
46777
13314
46029
5912
26412
116
44404
24544
12732
3436
48797
3935
14155
21419
11377
48575
6450
48735
17521
9275
11137
9594
15290
31840
14497
28365
34010
10013
15446
47557
29395
40150
13140
16218
42560
6675
21888
44958
13033
34762
36104
36834
37628
22395
21894
10805
28629
48596
4928
22356
38132
11765
39382
18118
48348
46777
40072
43522
1942
59
15758
41811
30125
44326
45293
41739
9103
46288
42710
26196
42629
2741
33630
26357
6647
36113
24693
19559
40583
44471
26299
2885
3801
32370
18829
36822
6608
31488
18775
10538
37080
47258
17881
18055
33872
5546
34795
34729
466
40635
4080
23074
10902
17492
29537
37195
36320
25448
35687
17859
19200
35961
9526
5078
42145
32912
39001
49275
34157
48882
29376
28631
31768
8297
3144
11034
8881
10356
48788
38545
15594
27369
14199
39962
1676
22595
21069
39840
39765
46584
28296
43984
46304
34256
20235
29956
42557
9200
30491
4094
40936
20321
14871
28257
18823
28939
1234
42876
12765
34562
40543
47053
46569
22424
30714
49990
27769
30190
26660
49658
42041
40338
34557
43059
9398
16372
31691
16047
49743
18462
16656
27879
46998
15005
6419
5382
39925
46366
42413
15135
46500
18683
30814
28422
46810
12430
24704
8731
25224
41796
32579
17418
33888
12620
27614
42229
15975
28539
43915
22371
31532
24411
30046
3247
35964
41465
40166
8923
29884
19992
29995
35656
20428
36379
9203
14243
5043
49709
28964
39208
33404
48756
8988
23017
2100
13561
6131
33395
43835
45562
25125
28817
7061
19496
32482
10195
3280
44954
22120
43727
17555
28182
19267
41184
30147
30522
4097
28875
32215
26463
8684
45782
25239
18256
46317
19217
490
42675
42595
9974
33029
40219
1102
10581
20575
14389
33402
11360
4836
40146
34291
21299
17750
42525
4859
15847
44829
35390
28996
48770
41392
7728
13582
38268
32164
23545
37092
32240
38244
15844
26724
34735
19545
34942
10414
27954
49292
3601
19067
26033
11028
27761
30773
20755
33981
32742
27951
6947
23212
32615
17289
27733
24087
8492
5263
22108
37813
10335
22129
8749
41950
14419
20681
2300
13758
48295
49912
23972
43565
25812
20718
41293
23443
48271
36086
19890
31208
17429
7328
38582
23784
13636
6027
19760
22081
28049
36717
2993
28003
32331
4514
45540
19746
33799
31403
34692
21732
32270
17980
31702
32409
29953
33822
17173
28687
16108
35125
16996
36888
43931
43651
642
26075
25430
21751
28250
30818
13532
44906
25618
45103
20416
19550
47483
39208
48984
48712
30899
17410
945
2652
46930
27867
1458
11176
24261
13540
48607
22880
2942
3526
14612
22079
35946
16635
47224
35728
33324
14418
21462
46220
28655
13085
36106
15450
35952
42954
18129
45583
25032
20116
46959
39150
22063
7853
41697
34841
37506
41245
12248
41327
11071
28982
46260
13352
6102
41270
41385
45387
25698
19243
28847
15827
46020
13347
19822
21945
3170
5089
43385
30476
6964
12072
25145
27441
44349
26188
16578
19164
20539
12814
20737
28304
39072
28357
5265
46450
36149
49733
16646
27999
12522
14539
41237
20077
17690
35089
18675
46050
45926
34572
30575
35078
23191
3900
29873
3289
14838
39343
15929
46728
36348
44147
33183
37954
45022
42323
49326
27929
42748
4267
32963
10677
44245
12602
47404
32102
27344
16276
5606
11600
41920
23755
11262
11517
35329
2191
5951
10
20167
3044
43826
1967
6034
5061
3395
46694
23370
13417
13757
42853
48090
48610
40036
34775
44872
8209
40041
48966
30781
19296
24512
36308
19918
37950
34793
12615
4714
20002
33208
26680
35268
27263
45339
41783
420
1008
40565
23724
6481
14760
23747
36246
20475
43038
1249
45135
1984
22877
4409
37478
4882
31707
12383
18966
9624
5978
42180
39104
9456
2693
42273
34179
46064
23684
39282
22726
1577
24405
41727
18734
38045
38294
38551
25121
17346
48079
26904
3295
27873
10570
31143
41127
24428
28651
41499
372
47522
32036
18621
35836
10126
27580
36015
650
18690
8297
20555
6178
25792
38872
47272
33866
31295
7891
4241
9802
43855
5901
28931
31695
41871
13457
20064
32624
18169
39538
1633
38390
3351
47085
7972
17110
33673
9086
25681
48544
23298
26909
19641
7758
37380
19917
20115
48197
19699
38385
25903
39104
40666
37666
26421
35102
34036
28715
30053
40503
38841
45299
49115
41124
174
49089
14537
38772
3762
6489
13225
29899
1753
21423
9369
34321
31482
42663
1086
48905
46446
12181
34475
15452
35563
16272
33873
15339
33860
22571
21759
41659
23481
45463
38815
12003
47855
31419
20321
7499
16095
29896
21210
13515
4696
24531
11227
10876
8566
34649
11864
23565
45313
4629
30068
5144
29071
11418
383
45119
22551
12251
13587
41317
4155
36091
45919
18774
44142
15499
36298
23405
49683
37104
27732
3155
33230
2619
12350
31812
44350
32867
8425
49926
3180
31893
20226
25819
11318
31308
34502
1752
35700
31819
12874
5029
450
5996
41760
16788
27140
14920
2353
31506
13260
11003
1518
36168
45003
12929
49013
36225
22657
27619
43157
48890
567
10766
42122
30388
39683
8682
7722
27096
24853
43995
44293
8684
26264
783
15928
29484
182
18856
37071
24336
7530
25344
40094
8644
10219
13468
49184
2745
11496
18588
30430
21297
6211
12835
16474
33152
37542
17707
37606
3062
5878
4926
7003
7261
29409
39333
31012
16858
19321
18669
3787
33653
49110
49810
6207
14979
7837
5356
44903
37040
25785
38458
34561
7753
28702
24566
24360
14762
21242
47258
38690
8056
35100
47189
4727
41733
38189
14239
317
24170
1685
43976
11306
35796
43460
48891
10036
28840
25177
35305
46202
37508
10591
41500
35228
8679
13668
12571
25752
45575
9425
44303
7331
43135
35870
6145
26849
32394
34884
12162
39094
7144
29800
23039
42989
35292
42579
12256
45205
25566
3973
43101
19278
45541
3804
47397
37625
25284
19994
16177
40052
9522
1065
47360
16756
47048
5267
20209
14029
26921
47108
27004
17386
34514
500
9285
2388
23690
904
22144
41260
47188
22523
45745
32994
27342
19798
23705
34802
25518
15176
26740
9687
14257
18160
12647
38425
22477
14805
4035
36450
41768
15549
36741
15170
26028
40178
25845
31571
3750
7287
25244
43575
43044
39157
27661
2838
39237
4733
14973
34595
18928
17976
10600
15537
49303
31424
23081
18834
33299
24741
19840
727
40025
6647
48571
47417
35252
1223
42154
37757
21739
1620
28230
32654
12412
14442
23359
37550
3776
37171
33267
18001
42258
35609
48759
15143
26178
49208
38023
37580
851
16647
27550
3840
34014
10929
30576
5212
12650
32431
13006
4938
23177
15691
18633
17367
3958
4046
42832
5526
2349
20158
7741
49486
35088
29978
33197
23524
20149
17180
7631
25872
41168
10113
34479
45868
11702
1113
22295
23528
13822
28588
43435
49568
42490
49522
42777
27509
10217
909
8426
44853
21063
41920
24093
18213
8043
43398
4985
47499
13938
12351
16246
10960
44204
2224
13935
5543
29791
1467
21357
40382
45206
24758
4907
22970
48317
28959
23635
44
11894
7573
12234
13468
36750
49269
41992
26805
15516
36032
47249
8264
43529
916
20539
42938
41650
10560
48984
9198
22473
10220
2931
4258
26743
16662
14199
1414
6323
1396
49844
27793
42908
29068
34608
43957
31164
40834
49806
12796
46899
28110
10398
3730
37364
19884
25606
26317
21071
40792
46541
8713
46359
37391
14307
34088
41652
17760
17183
20106
32414
30874
6972
24516
27837
3705
42311
2383
26242
2534
37963
47104
21500
32994
20147
43163
15030
6950
38951
24039
36684
49349
6478
10583
8509
1698
38895
39893
35094
41982
22086
20377
31278
21038
28348
21419
23805
38012
42604
20400
438
12452
21867
36588
23953
33273
47522
3429
28488
38857
10052
11750
7984
40133
4110
9423
38501
36886
49643
44689
32786
554
5787
48342
49869
7280
15101
38824
8188
26762
30658
22357
36699
30685
7317
41787
3643
2393
37576
30866
47798
28569
26566
20898
30482
6034
1491
7620
48706
41471
48460
41670
406
16502
37304
9228
44482
15738
43289
40799
39586
49757
6915
49586
14175
27411
19171
36659
48881
15281
6379
12725
8282
11148
45124
48467
17909
41956
9825
6612
23605
42392
13659
15582
31524
33805
47347
15235
44913
24132
31085
47676
37179
8225
24436
9409
36832
8663
44951
43511
1190
13097
22850
31751
33588
2732
38575
40012
7754
46702
49937
34370
25059
18890
2275
19141
42898
46937
16822
30458
10579
2385
510
4197
6569
19567
17110
251
8296
28368
45547
42120
16010
36473
46165
49779
14541
10092
11863
33704
39484
192
31843
49504
19751
36762
9110
254
49312
12325
6029
49046
6901
40137
7606
23404
19069
45504
20725
31085
42942
12663
20403
47392
12673
15882
21929
4857
23822
41468
15897
31341
42944
45784
34166
18516
49395
27366
3923
31713
34232
39229
15013
28191
6899
34291
344
16657
24697
46604
6916
30402
619
5327
45909
38691
497
24805
43545
17953
13051
47451
2576
44278
17047
26812
19543
43319
48862
29444
7891
10576
822
49246
20644
1128
12859
27630
4560
146
24005
49736
25961
28639
18774
22339
23815
31480
5562
10195
38916
4587
11785
38850
40811
43598
16313
36489
10512
25693
46518
49769
10498
2373
4494
3615
32956
8664
23981
21580
36648
27021
14553
35649
13558
41847
10211
7021
45706
30090
13635
14617
20637
12171
15984
26256
15191
29544
18128
44375
24296
31153
23218
32490
3199
25185
29627
29923
932
46892
7166
28004
40994
38956
12763
40119
10486
21342
22795
46012
6442
24808
7636
5191
44438
5970
45061
29934
12115
11971
37006
43646
41718
39960
16131
7355
13516
41258
513
28951
12294
16248
34047
22479
29406
37105
4133
22542
11888
48170
43080
27922
7636
7133
41376
46044
29300
46926
11327
31171
40916
28655
35411
24332
19544
14442
22745
45096
8821
17839
25682
16834
21062
27686
3138
18125
5479
15160
7754
29204
30510
42375
6840
14377
4416
35955
11753
26447
28565
38616
35831
42628
12163
20827
19791
32035
42315
45634
10408
15016
40804
34880
48619
6810
18052
2051
42443
39188
467
22999
12333
7887
33102
32310
1312
17295
20102
21038
39058
14183
39285
26790
32246
34970
9420
38875
42236
29911
6636
42016
48570
48106
20036
39796
49950
35286
24116
39828
3812
38753
46737
30225
10691
17439
610
22122
5949
35009
37490
6760
6673
46362
41290
20867
49293
42635
43751
337
2135
2301
9532
39706
4712
35360
8696
2470
24470
48607
43039
7322
37194
24734
43721
28106
15921
32276
29979
39597
39015
43139
10655
20660
49239
21013
44938
10300
28049
38752
10643
39848
3686
17941
34303
36612
3107
27645
3583
22188
46608
49594
33063
7641
1158
44068
9627
34380
40770
28469
24951
42177
37743
49042
572
28320
29546
15101
32521
33988
17333
26434
8317
44611
26867
18101
7327
25345
14703
9005
34405
3321
19281
18677
31627
39682
17360
44432
12968
10119
8997
26556
12958
45364
12313
27178
6466
37643
29197
10390
29712
24486
14517
34112
30984
48333
20909
12024
6315
25455
13308
4472
10270
36971
22842
38995
6519
26570
48199
9760
15258
3359
40633
18072
11429
29246
37777
13601
3955
29325
4215
8429
5459
26026
31571
1108
11702
37423
30001
20394
25335
27033
7279
27345
26422
49983
19636
31167
44742
43566
24518
37153
8410
26569
46079
38096
34697
35934
15254
37078
8556
39168
45533
49360
40763
4921
41355
21965
23711
45809
11317
25311
14820
20269
17075
49380
46387
42052
44081
25843
38139
32502
23158
5811
23703
13174
19566
21801
11287
18747
28234
19232
46022
6738
14472
1436
38848
47854
25106
23629
24428
25745
18663
17302
38704
21866
13515
9004
27933
19284
35753
16734
37795
47154
26036
46100
38051
6359
13232
4609
43863
23763
5778
26624
35057
7450
4133
12907
33256
47176
20286
27165
44358
13313
11231
11362
19405
13157
37306
44655
48303
9761
12766
3668
40859
17266
47005
32020
13632
43040
44952
19910
40585
18006
32644
46381
29944
11857
46607
35827
43901
3500
31834
37274
44037
13964
20425
37703
12805
15024
35839
34194
42859
28627
15020
11900
46381
523
904
15415
39525
45951
37289
41599
20869
29961
39460
33285
31088
18620
45149
17810
37854
5231
3703
37845
20074
28921
38406
29385
26126
12887
29702
17480
13341
41557
37332
47954
14346
32951
1809
32886
5916
40999
24594
5961
27212
879
26200
41224
25453
1636
38642
12579
42193
13779
15836
238
2992
46920
5319
39478
15146
4946
14676
48630
27760
24410
31721
20876
16429
24117
43604
21507
48608
44590
43307
34533
23469
25563
10483
43104
8787
32369
10389
32098
46919
22206
32731
595
41003
2835
17832
34294
29859
11891
43519
14553
43568
39580
43999
32541
46833
1362
33226
9158
22849
49446
36568
34
6986
45777
13114
25876
15538
4704
39222
11265
16148
49468
12234
35176
12699
45747
4877
38471
8560
23101
36855
44066
26978
47476
13121
5885
2621
26311
38930
3507
35840
15597
15566
25975
10210
39250
24029
8466
37475
2501
45226
33014
30963
17425
22537
43258
42380
48214
11972
49267
3527
10441
39254
49206
45752
28528
11383
29308
49396
19485
16625
25574
7904
833
15554
13000
47862
37397
14899
2808
22151
34863
11207
44633
13186
17749
28973
39425
14057
19683
3462
22190
22431
36016
18464
45874
28386
43896
23908
22102
44425
16639
48331
16331
38688
18466
17459
36469
43925
25943
5157
32793
36678
3871
21494
7448
6345
10159
30800
18689
16347
11741
42865
33878
29614
32893
46786
5204
13593
21338
27978
23550
23692
33094
1108
12120
18251
5694
13018
24897
34038
27596
15551
40783
47630
45058
12241
3702
28201
21553
852
19515
30616
9398
28636
33686
28954
19026
20528
24953
49681
33991
36078
44691
30335
15527
17487
40528
49705
21782
12723
42401
32062
3833
8806
6146
41159
1843
43663
37134
34974
29982
24301
19952
43191
2652
29146
34763
5285
16634
19709
44927
29243
5261
9997
32965
31452
22976
48117
23832
19038
42413
13995
48093
38402
43441
7573
33220
32162
22482
40734
46694
2878
14264
33258
49042
32472
28778
15432
33492
16015
3088
270
4774
41371
49342
34866
35348
49502
40022
23597
34249
9940
22431
20436
26419
13940
15320
47031
34120
8293
43516
36225
29400
23773
40321
32166
21173
8782
17285
14574
49370
26964
37507
17699
6808
42352
14192
1293
23888
3724
21571
38979
8768
49546
20817
11768
46346
42830
38393
23417
15201
22393
2587
35137
35208
20479
9178
15447
32470
12487
16503
3089
7360
20499
11391
20551
11077
43837
13888
13665
32651
31527
950
19396
40218
41711
42166
31362
29316
4759
21876
25368
27878
47346
39680
29455
26905
26886
22574
19164
32498
18940
4690
41684
6462
28956
41620
23790
20083
23506
3417
11421
1108
48284
7567
7808
48195
3595
3889
4714
31593
31681
13932
6120
34931
11186
40937
13490
15284
30126
32277
26614
11044
6191
9307
35412
18863
45373
17023
35707
32432
8561
47569
47848
48398
14915
31597
2515
8265
35163
24266
11886
22197
11696
35111
44728
31328
14086
5255
2693
10162
3089
29557
20911
14426
49950
47247
34819
12746
25560
25270
25414
7903
35019
34023
27675
18749
27084
8569
5466
14156
1305
23712
49888
6501
43871
17951
4847
23801
31170
39849
15992
34380
43315
38726
38746
13578
28390
15563
27821
7775
34285
9582
18569
296
49271
31304
2415
35985
37431
17280
25864
8627
3545
4807
33677
48289
34844
3470
17687
15668
5235
18346
48552
12458
48050
20046
23609
12014
44203
40592
33948
39752
35920
28810
25181
9584
19098
22699
24036
45075
2492
14058
40629
13219
9496
48369
27064
2071
30696
43482
7262
4857
41146
8767
5341
22547
9775
37522
28306
45715
15025
37713
43801
20915
18291
5510
42912
28953
29500
12108
10429
29905
46350
41415
7192
49594
8995
11379
40369
17198
2974
12504
44262
10911
202
41045
20913
5452
48654
23781
48198
22921
44140
19860
47950
29915
4296
32057
5924
48728
12904
17133
9613
21805
15890
10082
16603
23112
14790
3193
3666
12822
39715
39591
4387
49776
9899
2963
43868
39667
713
26637
24666
11509
12059
16474
16114
39549
36206
19745
17131
41986
46897
44655
19776
13212
32001
49748
5827
16496
31357
30656
267
20531
30295
37987
19451
14039
47998
47886
14189
43659
7303
36423
24017
45659
12216
33280
48578
19391
24010
18962
34232
3920
23306
38906
11102
26397
32309
6422
32926
32992
438
48008
22735
18838
7706
25629
17188
37719
36523
5604
1774
33535
38223
40135
468
11862
12306
27845
48203
30312
33698
10354
16286
9601
29157
1250
22029
34416
21132
3724
34261
12782
19601
35185
26200
10618
18590
48727
21985
30920
4046
3712
6898
20119
26491
46661
49304
14967
27132
11074
31589
25773
21313
12900
33253
10881
49276
12683
12334
33274
42105
27370
10410
17868
19142
2877
2734
41749
48879
5211
32917
15367
43388
24689
39777
21611
41851
19711
20039
24236
46779
48803
47708
20522
33556
28254
41069
4118
38816
23150
25734
12444
36515
35448
21013
48612
9716
10288
37133
34210
33240
19988
47
18859
16089
6345
12227
24315
40230
23153
12518
10361
49628
29409
30461
25745
32697
10395
30241
8199
17478
33492
10167
26883
46155
4670
44360
38541
14671
44710
3678
8564
44215
8584
48979
25843
38234
15376
36065
958
8092
12095
48890
33191
43080
33224
40580
11801
23697
6137
40033
9456
1472
509
3085
9062
15789
15544
29745
21479
22412
16924
33864
39886
17389
15658
35465
21801
7266
35762
8692
29141
24499
28939
43235
37664
45770
21254
9763
14702
17748
35521
44939
30091
3771
17713
9377
6573
23836
28890
37902
15455
23370
10435
44628
10191
28381
11532
30850
22072
15375
26662
45100
22078
3949
42185
19093
1088
46707
39622
16085
688
31028
18686
8252
47071
29911
45022
18256
3607
28272
25804
4179
44399
33605
19197
39438
35127
26445
12713
24535
29182
40077
34905
17928
13877
10165
25653
8916
45205
13591
3567
6251
21800
2230
35208
3073
38330
37300
38942
19331
33002
45822
49303
43838
5041
45897
35404
29856
38003
29119
36429
27127
3659
4462
29618
6470
41339
38820
21216
5018
46082
29574
19811
47479
13900
2540
17353
10788
25701
17414
1698
27917
26486
6111
34584
47903
18016
36156
30598
20803
39156
34725
30410
24240
13106
33035
41112
8206
39878
42015
18191
19462
37363
15589
34707
3600
32047
11835
40739
12178
40356
33958
33231
3301
44540
24413
15026
37748
45591
35219
38841
20693
38168
14794
42673
4450
3793
36967
48220
39861
9313
21756
19772
7829
48964
27930
21600
9023
49825
43420
12782
172
31993
19948
41851
40065
7394
30449
46569
15858
15579
20240
36914
44930
38792
28266
42849
24082
2484
30803
9669
20312
3087
43184
15717
2083
44681
28763
35141
10852
45539
12717
28936
39877
17023
14034
24952
25661
407
33407
3683
45881
27282
27615
42789
34700
45369
34921
3302
3202
27766
34437
17868
24931
24918
27125
8968
16608
20095
20815
30408
14367
26520
8166
37930
48214
16595
36844
9964
45459
43647
44855
1267
29838
46271
36471
45275
13248
42761
37031
43729
8268
4912
16034
45629
34758
45788
6698
15217
16431
45169
26985
43944
6844
1920
46294
32124
45635
34209
17577
33450
36727
18909
37136
40924
25626
23576
7303
19925
37408
43271
27110
20621
6999
8350
24568
871
12382
25254
32594
15305
35085
19511
34167
16397
7592
49605
43497
26639
5
17893
39435
290
40598
21895
27240
14574
10154
40726
42902
40557
33418
8146
1989
37302
2801
44739
11895
37236
41263
36313
44060
40784
3328
33615
13026
48569
44573
30130
13871
30800
44078
19876
26549
28820