7214
6806
8391
565
5125
8965
4526
7210
7462
7656
1654
2579
2763
8275
3367
9123
2556
5495
2436
5283
8970
482
8983
8310
9423
3207
4879
1079
5506
8975
5523
6564
3744
1742
510
1613
1479
7314
2767
9654
2203
2498
7298
3435
9460
3388
9109
1681
1121
5749
7329
1915
5522
5806
4217
8336
6107
3260
5635
6825
7111
4825
8784
6646
3788
350
6175
5570
3337
5032
3673
9829
1336
317
128
1752
7723
2512
2624
5779
8002
8919
5219
5085
6681
250
7752
7827
8002
7638
1223
4512
9090
3358
4516
315
3859
8790
7852
4838
2698
8084
8255
3008
3424
9693
4951
7665
8888
4535
4522
6539
2317
2261
2126
7989
7928
3992
640
8394
4406
4169
2320
5186
4289
766
5161
7583
974
513
4449
8802
8665
3359
1846
7131
648
3222
2163
299
3054
915
9758
2276
808
1151
943
5837
3995
734
8682
9797
344
2941
3938
6353
2410
2309
9357
6095
9937
5387
8034
7801
279
538
2343
9888
1172
5184
2488
5321
325
9005
8147
9216
2592
7904
6424
6347
818
9559
7753
5374
6272
5608
2805
8880
7731
7261
9641
994
5546
7342
7840
1404
9342
5649
118
7956
2608
9907
764
6818
2735
1389
3713
7394
1817
7251
2444
6028
3765
9228
8896
651
40
7180
5994
4207
1114
6062
8115
7754
1468
2310
2097
1012
7124
7770
3776
7424
8236
4704
1346
427
3998
3048
1054
7463
5850
110
5125
4109
9334
545
3766
9813
7466
8201
1965
6263
6756
524
785
6020
7122
3591
6678
8887
3701
8474
4228
3150
1627
6342
9247
6623
2088
2785
2670
3530
9651
1180
6256
5515
2332
403
6656
8268
4166
6390
459
6901
6819
2041
5030
9066
3159
4707
3500
7122
3042
7778
3569
7075
6930
4682
4819
6356
1533
4144
4773
3826
8679
1658
4262
3694
4353
3579
2051
1774
6488
2797
4576
4320
5268
7413
5003
760
843
5326
6169
205
6559
4061
1898
9830
2636
5771
7804
2084
4723
3368
2051
1909
2485
4694
1092
40
6811
917
4882
2440
8874
2646
4832
1228
5034
493
5746
6450
1458
4335
6223
5170
8084
3051
5540
2142
3850
3309
6332
8143
9969
199
708
2355
5477
5169
4233
2706
3892
3517
5702
203
2228
4033
9068
9231
6872
9036
6653
2137
6833
8745
2531
5741
518
2727
1615
8091
6475
8142
1350
7798
2714
7448
9828
8247
7066
758
4610
8528
8119
3556
1859
2133
7077
256
8194
6459
4882
2433
7754
729
7517
5255
40
3553
8720
7560
7131
9255
2283
1275
4460
1383
6037
9410
7541
2762
9510
5087
4537
7801
5294
9724
6318
6410
8473
7317
2016
4521
5351
3849
480
2495
5959
2881
2638
5126
7708
9696
4135
7308
5128
1734
4230
1699
9686
3892
757
6507
291
8009
1141
6121
6363
5220
7660
8851
2815
6755
1565
6162
2055
5644
3111
637
4024
7941
1852
1388
2831
7677
6351
5932
7684
4974
8515
4743
8077
3000
96
5496
8126
7615
3642
1506