6400
6241
5916
5275
5675
2617
9356
5169
5011
3760
6389
4524
7625
5954
4436
3392
8932
3318
3609
6327
5426
1181
3939
1503
1892
313
1671
7543
7407
1841
8272
4616
1808
3653
9071
1283
7253
277
9601
6400
1598
1943
4955
1678
3736
4777
8174
7201
9455
4567
4378
4048
1656
9240
4826
6216
9216
7926
3307
9189
8959
3548
9252
9248
8932
9120
8552
5571
316
1984
5254
709
8535
4418
3154
4616
8725
7407
4153
9934
9286
6282
9334
8917
2596
8097
8428
9086
9158
5851
2536
807
1104
4517
856
6954
681
7356
5794
4146
9581
600
8599
8281
7944
7722
3261
6145
7075
9836
9007
8443
5872
2862
2327
1012
8607
4490
1623
1331
7216
1445
3882
7174
7231
1459
2196
931
8736
3584
1559
7669
1663
5261
73
8653
6830
5881
9003
78
352
2260
7468
6594
1963
900
7728
4513
485
9972
6584
1308
1652
4359
7942
1932
7002
8816
6538
1400
7255
9633
8523
5831
766
9191
307
4932
8919
4426
5184
2989
4411
818
4578
1466
2117
5452
9764
8895
5345
6663
4312
5615
4638
5752
6222
7939
6229
4299
3136
1682
960
1253
4031
4122
5679
9959
9238
8930
997
6909
4078
7374
6854
6436
7338
9627
9261
7162
5435
9905
3597
7870
6955
8075
7547
7124
4978
6207
2238
9642
1980
1624
5410
6117
2518
4188
8178
4441
8586
2549
7282
3681
8968
348
4827
3360
8751
9526
27
640
8489
1216
3800
7437
9007
6632
9492
9430
8012
7471
5141
1425
5516
9477
140
2012
4143
6056
5324
386
4082
7312
4478
2291
2482
3132
2572
8889
9361
2587
8397
6978
8449
2906
2506
3986
756
5464
1780
5178
3689
4975
2231
3355
9903
6281
9405
5381
8593
2355
5120
929
4632
6000
9895
5846
3173
9981
5252
4598
790
2128
8791
65
6152
528
4922
3393
4920
8481
2898
9064
5228
476
2064
2240
7270
8826
7540
7704
1800
9481
5059
6443
1467
925
3004
5989
9978
6042
516
2479
7720
9992
17
7160
1837
2781
7222
2883
4751
4689
6900
7980
9447
9283
7971
2619
3813
6235
8960
1247
4257
351
5810
6706
2072
5003
2347
2200
1796
2271
6941
5029
8193
555
3802
3430
4397
1532
1796
633
9766
361
8497
8103
9718
8045
6422
7238
5254
9876
6391
4643
6867
9393
2912
6488
4119
5189
7227
422
2032
1047
6266
4784
8840
4701
562
5429
4711
459
6499
8303
324
3504
2702
9586
1076
1259
2066
3127
5759
9998
3896
7196
7110
5971
3170
8214
7281
7056
6904
7238
5701
8530
8796
3103
5497
7635
4360
9318
2018
3475
1259
3626
2800
6674
1881
7696
3252
6674
1470
4110
8813
6434
398
4294
912
6245
3619
8687
4021
6486
2658
1297
5259
7221
4597
2254
8789
4962
2611
2208
3381
5942
4455
4046
1768
8831
4561
2541
7549
3019
4521
8713
559
4979
7886
8906
9232
5579
3515
4940
1078
3930
484
4671
6959
9063
9647
9457
5306
4878
3590
800
8866
7183