1583
2479
1309
9766
3036
5665
3594
1975
8000
8593
2865
5669
1767
4756
1249
8025
3383
7421
6877
7471
6355
6507
9604
1990
8129
9314
7039
9109
9833
7133
1185
2300
6313
4444
8949
1991
6036
6320
7161
6976
2589
2941
5111
4773
4166
4537
579
8610
6910
3566
7817
2514
7062
9567
6049
2806
5028
4367
7475
2823
3142
6040
6052
4612
1702
7625
7800
9718
466
6778
8566
5164
3884
1510
2905
8275
3568
297
6072
8691
8397
8281
4473
8395
849
4702
9219
8006
5334
6158
6479
6451
2759
1672
8208
3143
4264
2638
1563
4560
3584
8908
1865
5586
3303
9586
201
7652
5977
7002
2182
4764
8473
7499
3495
2128
6337
8127
2561
296
2076
7136
9947
6839
9073
980
2287
7576
6244
4868
4785
3752
9172
6671
2710
3554
8875
8296
4216
5862
4644
6941
9714
795
8188
5876
1526
5820
1967
6318
7759
7302
7704
3380
1783
3456
1786
498
3161
1576
56
2808
6833
4351
4480
3265
1267
9925
7648
73
410
1869
4666
9871
8094
6737
4863
5037
1048
9208
5180
841
4982
4573
9993
5204
786
9123
517
6581
8513
6810
3205
9508
4937
2296
2735
521
1370
260
5649
7510
5545
194
4643
1536
2283
2264
336
7920
4352
4095
2117
2582
3735
7732
5965
8685
2098
6367
317
564
3642
8702
8527
8929
1918
9727
915
208
2201
9026
7167
9886
8814
8198
838
8991
2787
1828
8502
1267
1922
895
6232
8980
7709
5146
1092
6885
6365
2480
3708
9891
254
8223
1646
9107
4101
6631
2891
8383
9312
1997
2525
8709
185
735
7844
906
975
840
7801
9605
7688
1036
7106
3519
4853
4306
315
7618
1889
3112
2847
6994
9367
8135
8802
8274
8659
7798
5948
782
4642
7998
9220
6960
6386
7987
3063
218
4704
8225
2667
1796
8024
3559
1481
8201
1146
8137
15
4052
193
4638
7433
9810
3494
5724
151
7142
6547
4458
7560
3774
3421
3177
9166
4018
9010
3921
6541
762
8434
9992
4775
6692
1393
633
7606
6425
8519
5393
1301
2558
2316
2608
8657
9070
8619
4510
4332
6930
5717
1534
4389
2897
9344
6955
6191
9929
8451
50
8480
2121
3041
2487
5406
4412
9425
3712
9958
4077
1908
9941
977
2040
6406
4899
8273
6421
8398
2456
2941
3159
1460
9539
7372
802
4838
681
7625
7075
7528
4424
4801
9559
4866
264
7244
7686
4952
3502
1364
7708
8043
331
2200
5828
8486
585
5
82
5791
2999
9020
3908
3874
7465
8077
8845
6452
5677
6668
5252
360
3031
7977
680
3141
115
780
5776
9591
6447
8174
5356
165
5653
2532
5163
8474
6445
1122
8680
3773
6697
6713
4910
8174
9897
5525
6478
1451
3880
8842
4670
1557
8925
4501
2609
4028
4339
3961
7742
4257
8967
4315
5452
9510
1417
7207
7961
8852
4221
2915
6763
6464
8553
1688
7021
1120
1221
9262
2852
5073
326
4467
1163
2657
7140
6369
8785
4812
8452
8605
2266
1811
1634