8503
5259
29335
37201
37430
3699
25303
27069
7513
48848
49236
39058
30755
47770
15920
28179
23842
31385
7425
36801
16843
17480
20433
12820
28240
13213
651
47233
22472
46382
20135
35751
41808
3968
16811
23839
47301
9385
43773
7181
32636
19493
37880
2978
16326
16072
15863
7256
37263
844
22320
24091
38347
44865
40982
11766
23995
5757
46588
17090
28294
7910
31604
5378
44749
40149
35067
40260
29922
702
31530
13899
30531
290
30752
13532
30490
38333
23930
25252
44312
47279
6542
11189
38067
37855
9526
15164
46688
46253
16526
41823
24543
6190
37975
26544
47482
12970
28146
10404
22156
34322
47780
25488
11278
29825
18995
49988
36944
24981
16049
9867
26872
27540
31339
44929
2025
8362
41058
23118
35527
45475
6026
27791
8565
6942
36148
49048
40484
29492
42721
11325
21482
26320
35175
42811
25148
22708
35021
44425
20300
5698
31583
28401
36399
1619
20982
43938
7310
22507
36809
9873
25290
26686
37274
12379
48172
7174
28973
20290
22106
37763
1979
42089
35017
24070
39371
35154
45864
37788
7962
11196
668
15346
11503
38038
8243
40440
23133
14134
1989
19191
49752
30823
39335
27763
21219
841
46035
47894
7218
18404
22371
19768
21632
22812
15566
12273
27612
45867
6715
43333
25102
19139
23942
31096
49006
7314
37037
8146
44888
3261
47139
32504
28987
23550
3370
9507
34880
30308
46940
34572
28151
20346
20965
44104
20258
9272
31339
27530
4884
47000
17045
18982
1462
418
6190
44013
9300
17336
6905
41022
33036
19664
6686
31746
48146
49687
11698
30007
46459
28020
47040
816
15099
36874
15439
34205
1499
43738
18419
21443
10917
35398
2712
18375
37651
33873
47814
2113
32123
34493
11855
43947
2727
36004
2527
18684
1324
4726
31152
37082
42397
11213
29781
23082
44344
3890
19792
40021
24463
37493
538
28822
7342
6322
26835
9664
38263
19014
47819
29902
44853
6754
45719
6894
870
30497
16195
44619
18007
5220
48579
47447
8083
24724
38307
47055
3768
26188
18263
14870
38372
11671
44191
42822
4450
29471
19049
4057
30095
23270
21589
30192
13724
30952
46280
28252
25295
32132
739
15768
13697
17330
22001
33372
16365
46364
41958
31009
5715
12201
21045
25431
30625
29184
13884
1776
21446
18676
17980
5905
14382
46701
31292
44980
26672
24757
42399
9919
34661
45484
41278
7952
48264
11449
48232
38606
23874
17859
14739
47654
18830
16501
15925
49443
6962
12227
39021
14575
34655
45107
6503
41599
23900
36961
49645
16036
27091
38662
16350
41242
4576
29186
39317
40646
36993
6670
42583
48437
48799
26302
3621
17624
40240
27352
20898
45066
40665
44741
30708
36934
6038
36831
32360
42164
34842
48871
23629
37495
4074
31082
33423
34350
36537
48628
5533
6434
14590
31029
2995
43373
43416
49324
44119
26377
17703
8741
3719
4829
40233
20325
1604
13150
17385
14128
48453
12925
42141
40813
9681
45593
28066
42688
6052
42212
26069
38982
2341
1595
32667
30971
24739
48261
15564
41272
35604
32025
23516
18246
46823
21173
11046
21411
16104
16244
29317
3726
46744
42411
22623
18738
27277
33853
41214
31549
6424
34446
41411
6161
46214
18687
2235
42964
17261
8034
14223
25764
46391
235
9883
16126
30779
45078
16176
16970
18955
36227
879
12442
2346
27471
39187
23932
18937
22545
19405
23153
8368
20555
12640
36851
29195
21279
35785
22347
34012
46309
25721
49962
41350
6129
2472
18748
22063
5289
38230
35885
33900
19867
29208
49763
23022
14734
33619
41586
37906
23576
36338
27746
12932
6638
34674
5291
9505
12266
5976
2924
34934
26237
39587
9972
31887
36386
35468
40677
7369
43104
7693
38517
3492
11278
27536
27483
18636
35825
36509
17972
11354
25384
38055
4179
8782
40369
28996
41172
18877
30206
4747
33246
45914
33913
48123
23899
35303
33236
11843
6779
42977
41329
25711
3535
9538
9412
29308
46296
43778
45168
42981
183
40349
39794
47633
14265
7444
14807
25507
27242
40108
32873
37609
24563
33992
8173
6687
13981
15071
27208
19189
24082
22912
39690
6763
9599
39056
6534
17384
34766
42773
10744
6678
32339
35890
37509
14315
25799
23134
10139
13575
45230
21088
23995
33073
49792
27744
46641
14112
45272
46485
2794
24245
11153
17351
39639
4372
20177
33220
14508
27698
44509
25167
9302
34049
22660
36992
27372
7894
2762
16217
27623
18367
32415
41592
49337
42391
42036
6608
263
21429
40982
37154
29507
46629
19872
41307
35256
849
49514
36388
36187
29908
16875
28697
593
3167
7725
2405
49605
48581
30489
25499
15969
13543
1334
44375
34494
4633
2035
24547
19606
34709
18581
12490
601
708
45260
49383
49112
9131
13379
45475
18286
30762
10276
11473
14898
27354
23634
43068
15919
8287
41238
36931
31832
34332
2241
3866
34894
343
8686
48541
10687
726
21147
33994
11610
39765
1392
44206
42820
10672
3365
38335
41115
25976
47371
18554
37663
24909
6540
41267
31179
22289
7221
36220
38727
38032
14680
24556
7501
39897
20046
31269
42412
44864
40380
30911
6690
43657
8699
8818
10391
20544
33268
24165
39086
28582
30548
33767
47532
27903
37634
25077
16140
27880
18918
3427
26646
49738
36992
22029
23999
16537
49107
7218
48450
561
14220
31735
34314
7634
7227
21622
21330
6907
26367
18973
14643
6014
26563
28104
21010
39806
48944
44550
12526
25260
24209
38037
21796
32373
46640
9243
46348
22644
977
1756
23306
12114
8441
30632
36311
13231
24310
39375
33399
10096
20121
26448
42656
26198
41268
3754
13013
20662
37628
41295
48623
45709
5013
15054
47475
10053
10849
25909
37976
40855
39385
2867
49234
36936
41237
49342
42570
38470
7830
35133
48763
43556
37719
49587
38141
23100
13937
7396
44186
20795
40510
36451
12987
12972
31557
48193
37214
595
994
43221
26058
4689
17420
7532
43141
15715
33077
41440
26592
22526
39795
47277
34753
28304
1593
22019
7759
29506
8496
49751
4511
44183
45006
18852
48025
8701
30810
12222
20963
25604
38847
21605
14390
24778
32866
4965
28109
30799
9304
43041
35334
22073
23782
23854
8926
25756
41684
47378
42687
18849
23664
45490
11987
26304
25256
38909
45309
33727
16609
38597
8365
2465
18882
39592
42164
13616
41241
49514
26486
44780
39295
19026
13019
33459
33073
21942
26866
39281
37633
16806
25549
17530
18788
10353
23422
5945
1644
6123
25001
34240
49498
21690
19657
34760
28211
29143
32207
1330
9517
36937
46196
37251
24899
13810
30462
19499
30257
10393
41126
6174
44836
7394
29847
40289
12088
31025
45376
34360
4285
36859
32084
5910
33733
45213
32218
28116
49337
19290
27764
38294
11458
17163
32509
686
47298
12441
45837
14700
7530
27579
31118
22901
44341
33466
37125
26057
17133
19100
48135
40145
28409
2023
7110
21929
10298
16090
12597
32329
46349
8513
42335
24708
34513
25985
42057
4582
46150
23129
48325
31770
23748
38922
16827
42764
26582
42316
10203
8529
14656
46152
38013
35383
6114
49673
13870
41647
17245
35127
44799
28418
43708
40772
1852
14202
36933
12071
11020
1178
12774
45567
2758
20080
23487
29827
21459
13099
18028
29289
35497
28389
26849
28048
15062
27974
12258
2808
673
21552
23751
11192
20296
4768
15879
15627
48378
13258
11617
7002
46197
25243
30806
11593
49565
25695
16729
47238
20913
8889
25412
9466
45443
3215
41524
7808
20014
20601
1966
11321
44826
42204
33005
18853
36397
13694
33197
7756
4041
41645
22023
7225
40366
2235
33326
35096
1472
37849
499
20654
43592
48847
13087
13698
30408
3364
2430
30057
23282
5518
49667
8990
25789
45869
46111
20932
33140
624
26959
11712
39797
6405
33198
8083
25555
42047
34265
25254
7406
19690
13460
36934
40224
42013
6720
30084
17976
29832
19978
1022
33802
850
17521
45588
25251
26348
19115
26138
7460
16716
43092
20773
43815
18240
14793
41345
42089
37955
41429
479
46394
39714
21761
41116
13141
44056
20310
49457
46785
9923
1044
26387
44967
6943
3619
22976
1826
2063
19742
5979
33816
19402
26042
28524
28941
25012
40890
41385
20034
16594
5455
36393
4220
44599
44615
22194
37593
32590
40395
32018
8571
13413
28745
48186
34403
37871
47929
25786
45215
32378
37108
16261
29743
9429
44619
26939
42370
29165
25443
3429
47458
19778
47135
33891
28278
41631
9543
47878
38708
9665
47143
40381
18244
32903
25288
197
23017
40620
30877
35959
875
29027
47542
41841
1841
11271
48036
36459
22620
32680
10514
43151
46805
37010
39899
45209
44105
44632
975
16997
48635
26651
4291
43730
26561
5498
45513
3582
35897
49720
9747
9974
46232
40070
25428
20622
37243
22288
41200
37103
18179
25843
15833
6162
31720
34973
43225
44896
12853
22527
3802
19984
3102
36407
27293
47154
24792
11431
5865
42456
44836
37582
37966
35097
39080
24374
32418
7423
12548
34170
11222
13523
18003
47493
1742
18479
28060
28758
46054
21017
21300
29157
46665
5437
30402
43978
29707
13183
26551
15418
15481
23143
23949
8004
17088
48395
19997
27578
41548
40232
3235
37886
11034
34825
38519
26292
25182
29411
49678
30687
30983
17009
40393
12309
46782
48214
15289
5581
37780
13822
31082
43613
35170
20778
25138
27732
2668
39482
4229
4624
3638
49713
49242
11723
30628
35420
14655
11574
11980
17613
588
46718
48281
43321
22435
41622
39584
24798
17934
47045
2096
4280
16203
5091
47640
16190
32517
6406
44274
39180
44785
7471
17679
14245
49369
25055
299
27128
2313
38917
7955
25638
1656
9143
6931
22939
25222
23108
1300
41445
16870
35274
1739
42535
5714
20549
4928
36169
12976
38391
42559
42341
8740
22076
40340
43872
4252
44890
3514
42693
364
40929
33689
18534
35396
45628
37411
15371
24012
23773
23759
35053
19468
11339
18496
27808
26702
15780
33628
47856
39618
27446
19558
10983
28981
20912
35295
468
14505
26496
33626
33034
16827
48504
33136
19902
40539
6422
31646
11594
10350
36692
25863
35270
755
2700
3496
45219
12136
29717
2929
16112
945
27409
28002
39028
17986
34239
45282
7720
33044
25558
37502
27066
37949
41090
1832
290
22295
8641
45708
15295
3005
25280
29981
5993
8852
5432
7252
43517
38270
14921
16326
49345
44545
38763
2871
8475
30183
6141
13626
25469
1183
11299
21006
32141
34017
36347
31854
38653
4590
25488
25003
47485
42385
43760
48728
21107
14659
2202
12087
28951
15741
845
20848
29797
9397
3749
11821
10481
42972
22404
42413
35883
38287
2788
1551
2563
21957
8898
26296
46326
45220
17888
32537
5801
3110
1165
19117
17378
20867
31768
2371
49162
34678
10913
44244
48453
39195
34804
17267
2457
4635
26730
32047
35648
8454
33293
6860
41685
27836
1743
34327
23754
3267
18748
8079
34456
18824
30293
26709
31557
48130
25992
16133
36112
26229
7497
9910
34263
29124
45271
1870
11471
41542
45166
9888
32354
15217
10582
31658
21695
38894
36438
13535
30454
24173
37979
30025
35161
13091
15099
5415
30101
25697
46928
2206
49597
36141
15052
21413
28285
12572
8850
37061
36190
13587
36262
38326
20624
24753
27424
16382
32620
7623
48782
23860
35123
10746
6454
37664
19303
48416
3267
49111
22273
17682
4592
7849
46680
7975
33244
49858
8160
42552
29973
25987
18118
11403
31233
591
43089
19542
19625
29688
10307
4857
17552
34062
36856
37366
27501
17004
30844
46689
6355
32542
23050
1654
6656
21781
41457
2770
45025
46909
29471
26962
25922
43688
16643
17570
49834
23577
48359
44239
37797
29051
29454
22837
44686
41050
1754
35774
13174
42597
39020
32573
29364
48872
38777
45931
16002
42922
5949
19318
31702
46547
16357
17991
46978
32794
13197
38540
25834
2238
30492
34190
47206
10406
20981
49681
13680
33169
18229
43830
45866
11576
20354
37460
46263
26619
21848
34565
14684
21881
1343
9573
35227
25375
26083
31577
40724
38191
29048
39346
42972
13613
26523
31515
9694
19878
3524
47060
28343
44867
41119
18489
27254
36323
28327
44312
3950
24367
3084
28140
34654
4289
1422
29210
41352
28684
32888
32093
47872
18814
14709
32185
37170
35258
12470
4198
28625
43374
39525
6581
13720
30427
47509
2807
45444
19410
44138
37788
1852
16277
47654
43267
22303
41472
15920
35828
24928
26740
5120
45841
2198
23433
35668
2188
23079
33807
38818
5418
39082
1058
36092
7532
11640
537
34424
37408
6275
36103
27268
12168
44020
45957
9752
34877
15847
29989
43903
30094
22808
13531
32125
20020
6984
20987
46302
45414
12084
11543
39632
45150
3034
6330
540
44857
35651
36382
8349
24635
30626
5471
32969
39102
48313
19260
40447
40114
36740
30505
36468
44748
2519
42928
19507
45148
35375
49185
42142
3472
48123
11922
37106
27646
41887
32772
48759
36536
29552
29238
6161
22400
31235
36872
27797
37632
6429
8412
11628
43591
33315
43338
5860
32686
23254
21898
43801
3624
48268
6173
44709
28184
31940
27613
16323
11125
30271
35440
40027
6538
34879
202
7513
36189
6959
39623
32781
8018
261
15520
13659
46650
35624
48538
39463
5575
41222
5469
34149
29087
3832
15490
22379
42521
18327
12010
7075
9494
35624
39302
24419
41238
5376
35008
19810
40889
11871
10538
5871
36715
9060
8817
23957
30525
38960
12410
46123
6682
22097
38414
2793
8118
5658
25365
15059
11782
4272
32462
383
34289
36486
30711
34999
46430
35824
264
12
12295
19222
11816
44143
45653
36515
10849
36474
49300
49405
23382
39661
11878
46428
43392
6897
15049
38188
47786
49989
14028
49977
15665
2510
19945
5228
11389
38536
8966
18008
33113
30507
12667
4789
24791
25727
9248
586
20637
33043
36623
41431
298
33148
22815
39436
48082
38093
20008
8567
8366
16401
18631
48370
25815
49678
27853
26454
5629
30436
19839
5203
38278
21508
18051
14926
28024
30011
36639
31101
23984
8714
9521
15615
46593
12385
22613
38407
13807
2753
30964
34772
16922
296
22034
12219
3500
32409
5047
28432
1167
43333
14326
36097
4111
3206
28438
1629
37727
39448
8024
25297
19976
21824
39499
4625
44018
4674
40755
29846
18370
26191
34431
38655
21770
10783
46017
16656
4244
10898
35045
4012
30858
24072
13854
49502
2495
189
6616
6007
32961
39466
4193
15356
38110
27437
35788
9375
49912
13879
39098
25204
36357
16776
20056
6727
855
23563
20568
887
39542
10680
37952
7707
19458
18498
43181
23905
3344
44900
17853
10938
22970
29574
1636
26431
20504
24870
42894
28877
40353
18557
22489
24561
2209
49174
7875
29663
15232
37394
36582
23641
16160
45712
20553
37221
8773
38425
5453
30386
13266
6657
49966
9740
49175
17772
29047
29144
30273
25945
42117
11631
48826
29836
7766
34208
9371
48803
19551
47745
32915
23721
34399
39014
24347
1922
29355
4978
46120
29376
9815
27589
13541
3979
30554
47229
45898
21451
18001
44779
49551
42386
525
24740
31165
25219
8533
47063
31598
42910
6703
700
40943
29175
1841
11465
11361
16125
17531
38267
17624
4989
25
27143
22381
26392
39035
1272
8276
21354
17189
12571
4000
12999
45219
36762
16241
41303
8090
29869
17826
16208
45944
11437
39366
20410
28990
15105
20573
5158
18249
47925
42982
37261
29810
1097
16380
12743
45393
13935
39390
4975
31019
41932
36267
29537
36924
43640
39048
12232
2593
33157
32357
10402
6029
42047
33002
23820
18589
48717
41969
18601
674
19453
18616
24438
23608
10279
30651
48522
45715
6202
23627
3609
43854
37182
45301
9134
27233
42276
15006
32660
17543
7907
6134
13529
11499
35384
43641
39154
39840
36202
48432
21910
12725
24196
19495
23331
5041
38647
33635
36564
11809
3078
6977
26966
22893
8437
7180
9779
356
35015
5022
44789
35100
2460
45735
41674
3492
41878
10049
33184
47972
45501
7816
20951
12602
7048
26507
15573
22752
22300
11106
16957
15766
44035
5582
21392
26046
15546
39748
10980
19642
46782
35575
29368
46616
34770
29652
27699
26877
12764
23322
8444
22873
14367
19922
30258
22173
16530
5670
6341
40340
15734
45363
31963
22009
20899
13167
15237
33755
39682
373
6443
24333
15102
22627
33392
13039
3246
39152
2696
48785
4189
43860
33897
20528
26374
31206
24276
18001
1968
40861
14978
48003
12804
22286
45393
30294
39184
37073
6464
33523
22380
36050
13918
37786
285
15741
12412
37983
40643
1225
30720
42172
4823
5077
32744
11160
44226
23111
31707
49680
35528
24041
39013
38836
45574
44641
7738
36139
3490
5894
6506
26563
25576
6361
39491
29033
24167
25565
13037
6048
47983
15826
28879
20027
42586
15125
35396
49714
11426
2155
31430
17123
5021
6140
24855
48494
15160
6588
44460
29151
23461
12003
29551
39004
2064
24172
9507
22697
36836
48633
47353
23044
32318
32140
42369
13018
5250
19054
35410
6066
36806
39986
12547
9457
187
33539
36660
24925
3377
14314
36130
17165
12562
49484
2650
6143
47368
9679
45035
38480
3462
37830
790
25917
28768
21301
28099
4238
6424
19341
47764
44444
18150
31082
48153
8055
32970
8757
18236
29176
13793
29628
21355
43402
49656
10869
36345
4134
46923
45692
37260
10063
1607
10527
49916
24004
26900
35509
32860
22702
25214
7599
9495
30455
31163
29041
34135
15609
3255
43243
2493
24809
7653
47892
19106
13291
18166
45471
9438
24050
14017
43575
1326
28198
27647
11125
28087
31479
23051
10719
2490
13235
16775
2762
40089
20730
23677
3995
41267
44329
30385
1284
36498
25073
18756
34539
35209
35139
37583
21246
16615
48124
27927
49255
22805
32517
9052
27808
21044
49352
30090
23802
29374
25236
39295
4978
28093
48442
13712
35661
31337
30097
39937
21336
37276
28977
11526
45049
16464
37324
6958
3841
13390
39369
11657
46403
37585
2304
3338
38379
45607
12556
4711
1174
29871
8666
7083
46378
42552
31877
20879
41065
42335
7103
24346
42516
40138
29920
45255
31430
48777
35225
692
38295
7321
3928
6967
25681
10894
21121
21362
9319
20307
38087
43389
38869
34044
10289
19923
9088
20051
37688
46404
14048
4959
20511
29479
7476
45385
9338
16278
45318
29167
12859
11030
37869
33684
9046
48910
45424
29587
42569
36421
44010
18176
41272
1089
1458
11125
43061
7147
21520
45209
36609
14370
5651
23826
9916
30940
9024
4514
31422
39900
4059
27111
28275
49908
2574
17542
11125
9344
33744
8814
15041
29453
6486
34746
14265
753
17238
47603
32376
4069
25054
9817
39383
13197
45373
41705
11999
37514
38932
20066
48776
27840
28079
38172
35403
27580
48696
4845
11392
38316
49107
10403
45907
26742
17839
44701
15802
39854
7361
45750
49174
24334
14559
35440
4524
30336
24945
10154
42549
27650
18718
6363
14013
26386
7691
2189
37115
41106
4747
12366
16979
31569
19178
8403
23605
22319
47986
7417
40727
16863
46567
44508
43185
22543
15077
8455
13854
27026
11773
29853
43769
12606
21304
17130
27197
5874
25999
34134
25531
8484
10898
35644
24784
38410
9267
45243
38487
22547
48032
26269
29283
41861
4084
996
39472
33071
24792
45094
40729
40336
42504
23509
41881
41848
43987
36277
4210
14689
15037
38280
25379
34123
14897
46841
21476
1410
44701
17370
32216
28448
21807
21533
43450
16253
30342
37109
41601
10068
33817
21300
34073
12813
18446
15647
15111
19911
18045
23010
45206
16362
47537
1483
40631
31491
18649
27090
9411
3232
37916
856
21627
15376
350
34652
47683
17103
31695
35210
5828
9851
35501
47617
2452
9058
42648
4230
41191
26089
23636
4540
46784
19121
36814
116
13080
23722
48452
10970
16131
25330
25294
40428
10716
26118
39509
12462
43782
15484
39303
43869
11632
23330
8951
28392
25505
34394
49869
20792
21457
40517
22067
29242
35123
32046
44028
44642
5362
42962
5836
31531
41354
8616
47708
36578
45643
19070
26242
45016
43514
16921
2611
27033
4530
44886
22442
24109
25669
49378
42524
23800
27131
47677
9014
43111
44633
34149
44967
36702
1159
48285
36157
19538
21365
23005
48831
47159
21821
6463
46756
38783
39435
2571
11263
26412
16879
4813
11722
13148
9312
8175
29411
20546
22820
20315
17331
4255
33409
42437
11818
15997
16292
4526
21767
41094
29377
1388
1302
38128
47368
40229
24549
3540
21693
46113
43779
10403
37821
21788
34359
937
43490
35292
44641
47208
44008
6426
40621
33840
30776
5562
788
16942
29835
41464
27446
27120
48825
22326
6475
27101
35439
38853
1848
48638
32091
26206
8078
1358
28486
32609
23851
25026
5702
2162
40886
42697
6101
27542
45930
3616
35702
34297
3739
44046
24339
29640
35361
36379
34752
45335
19861
6444
37899
4012
46771
24316
29684
30946
23498
8339
35339
49220
19398
28762
2280
41451
19274
6854
47322
30402
39230
18009
4110
49865
438
11326
32179
28416
14103
36081
37056
11859
21156
36300
30033
36956
35849
42866
48550
40383
37486
20133
33637
43647
48585
34675
49411
24854
42093
175
34817
38118
10355
25633
32139
14756
7040
25573
14502
32594
35504
24597
24346
45078
46979
9789
1662
48103
21239
34738
7757
12569
27414
40853
4194
27989
1016
7165
39738
46672
42332
20401
9004
32
17933
19715
23743
278
44054
15864
20866
43663
16281
2341
26462
15946
30427
13562
4144
17048
25945
40478
37749
23198
9166
23750
9244
26948
37772
18089
27497
45910
37526
40000
6116
33956
12166
47893
35277
30848
40298
38308
416
42741
41974
1888
19013
23883
1425
48214
7355
33700
37844
12480
36557
12410
36624
40577
32692
32564
36089
32973
25277
4521
8979
18530
40035
41241
19223
18160
4763
49278
20698
34928
12631
3750
30671
13734
4288
4110
39969
32964
45010
31216
21531
26626
44140
7421
13034
32139
30206
3681
47356
19577
15301
23209
34266
2124
30509
22445
12119
5611
40099
33889
20649
21128
26997
18106
26119
35510
47607
32624
5056
39369
49324
43486
39664
25797
24862
43276
38948
681
48397
28620
55
33807
42501
37649
15765
367
43344
45836
11902
27570
6203
7843
47814
37058
22212
27546
46513
25945
4183
12860
20849
27031
23397
6190
13718
3379
11928
14809
44947
31205
6301
8025
46502
9337
1894
19832
20472
6863
38782
34061
7351
42835
28366
6960
29988
22597
21688
7760
38171
46026
43187
15170
25333
23556
6671
12636
41678
17007
17164
3995
49640
37811
4750
34105
413
39688
20260
32940
26957
27887
11155
44570
39286
28565
8909
39934
28468
48804
43322
11774
21765
37769
40358
40083
9893
14003
13383
834
39202
47975
7040
40660
19519
21240
2347
10078
8322
11887
49914
4199
20011
32202
31577
303
47153
30812
619
7076
9795
36652
49778
21598
27800
20780
7837
6886
18314
33713
31921
43275
41350
37172
41968
17057
25590
3070
12516
11484
33208
18979
46708
5360
12685
31230
5784
48777
14043
38967
3642
15477
32243
46717
3941
23424
14696
6604
18931
37127
45376
14957
360
3355
33839
28459
37355
49575
35721
49043
27664
42775
27463
35945
2115
32253
24189
17187
24339
43241
19016
36150
4125
11474
38877
30719
22554
28247
45520
20546
8824
30806
27476
24324
11291
303
17325
31494
43285
6261
11186
43228
18666
30177
30826
37472
7113
4069
43703
36940
14032
12936
24067
40997
16182
47821
47156
3112
14487
30355
9538
44047
39004
32683
25856
45334
40648
29277
43439
935
22485
32206
36427
5645
18391
15564
8049
23842
6504
23493
5210
25777
37791
22518
19300
13581
14892
17534
38917
30796
17972
25549
27092
44098
42922
27898
45206
16733
2659
6748
10442
28455
1000
13186
41442
11422
15821
12101
3047
11250
48302
48864
18259
23170
27003
48611
48648
17427
18220
20519
19509
23402
21261
16891
37029
20767
25287
20985
36205
3952
16540
32284
8722
31187
45171
40630
11315
35378
7348
26216
28951
33863
2057
41799
6464
7660
15476
19846
46403
28036
30729
30920
41588
32557
1809
37509
36441
30458
15403
22562
18156
36736
31580
21216
25569
37642
35788
8119
4015
43450
35132
30101
35865
48061
12612
5634
6632
21320
35816
30332
31990
20095
39888
7308
31334
44684
12994
24782
22675
34399
10567
26237
16508
29101
31819
45753
14633
21795
18774
48915
4279
2591
2803
43850
25206
3083
39258
2128
22198
31886
1562
39149
3857
25264
12899
5636
29117
46478
35890
18966
12501
13562
27857
39666
28748
20483
10665
47114
21346
17855
28176
37510
45133
20644
33005
49595
4658
9543
36156
28334
13742
3761
39320
16100
16253
12353
44056
17677
15491
11120
21660
15028
19880
35079
22273
16107
17032
14875
32621
24724
29722
23468
10910
19544
14806
23039
34167
42957
48303
28785
19615
15069
31154
6696
20141
49661
28175
35129
48631
23183
35726
12335
7141
864
2346
1948
28762
49150
48494
8489
48367
48213
21886
2387
9078
13184
8480
34506
23664
16953
28693
13672
126
29656
33331
22402
37668
35382
24881
17555
26675
20582
12427
42077
14202
47715
29400
16538
21540
45242
6939
44778
34687
41178
22931
36181
29585
4427
17232
42361
6919
9606
10876
18000
46884
8787
40718
13143
43172
3052
12426
34804
3836
6509
14913
29200
2111
24328
10008
47068
20779
27525
23084
8223
13783
2026
8193
17072
16491
31805
8713
46789
15539
43692
35920
11197
13227
21024
37339
46570
32800
35565
25900
5958
24336
48680
10125
43386
26851
28008
30569
40502
22890
46299
5879
12867
32661
15118
46180
43956
30040
48118
3175
41417
12598
32124
16650
38239
48008
46391
46575
21038
8215
7488
42513
11764
45709
15420
3405
28779
19188
11933
46072
34428
17897
47187
6483
40901
40914
34133
21945
43442
36338
22057
45907
17016
20867
12016
16925
6270
47780
23116
43971
12394
31572
19198
20358
36402
2452
19670
38152
872
32734
46746
11045
35084
22318
9674
26267
16099
12421
44842
46090
23660
34866
30775
23722
29374
25708
32979
30213
3056
25
9114
40477
48498
49861
42903
9078
37442
29995
1446
31087
23794
39068
43090
10560
38234
27934
17123
5821
9446
17533
13308
18831
11491
39908
14011
19114
1709
49568
29323
34927
9481
20674
31948
20236
691
37124
25712
46782
43945
23863
43914
22968
30649
49137
24374
31526
3950
3482
8060
45090
14501
49598
32636
13814
36807
39182
14019
15108
20276
14975
30085
40717
27256
13230
30901
25893
16161
42734
38392
45327
32275
20869
18753
41787
45275
48752
7283
28780
47787
25360
3936
6327
34193
39038
1271
39808
43326
45847
10170
18908
3700
5889
9748
10285
42534
2669
32681
27118
32823
19579
42923
36037
41954
46186
3268
13734
49767
8015
43837
1294
10656
27396
18684
2886
39129
39914
10952
47571
24660
20229
29622
4551
39324
14243
12495
49570
2730
49569
26767
26283
2107
21112
47978
28483
5525
37418
42499
26463
43105
28087
18485
29052
31392
48629
28895
37951
38839
7701
3902
35869
26494
39983
30659
42227
12443
47324
6954
30912
127
16546
35733
15416
42472
16137
16605
45219
18741
5607
23489
3224
2381
36113
31886
281
10751
35606
19485
13262
37732
47484
26938
11657
39044
28817
3027
18915
44384
4665
41374
32237
37797
30427
31956
12487
20017
37901
49722
39184
39407
43174
28693
11894
44911
27996
2676
37908
15594
3195
14523
36852
46258
43444
28886
23923
19839
21622
23738
19599
3425
45941
2944
32138
16698
32729
6621
42502
30738
24840
32713
48157
48418
42927
20065
28032
8449
5776
22935
34063
26772
13747
47840
34324
5329
28634
2446
9792
36838
14223
14913
35704
21237
28977
40803
48860
41501
39845
32219
43703
36078
40387
26851
34312
40813
9568
39918
33491
35169
34828
20753
38207
39549
33235
42196
8133
2701
40562
30156
18991
39175
24670
24845
881
38416
39640
13873
18344
44066
40904
38056
44401
2852
1144
41144
1851
30266
511
27819
20940
43137
5086
13187
33950
2162
16590
37020
15337
9045
30544
48467
45233
38315
23333
23348
12111
37595
48713
28380
43726
3787
38055
42802
23099
49549
29109
7910
14924
39681
27053
35296
48170
48550
14157
17024
41848
36758
8358
28807
91
44624
1242
21116
22634
12907
40327
27749
35943
16796
3847
22806
18117
24719
46722
48594
25794
46826
28005
35191
40399
26968
8441
6393
42573
43348
33832
20891
29344
10064
36837
44157
37247
26980
19594
8463
28284
45199
17731
37051
19774
22187
7119
18398
43802
31218
45660
42598
13999
29144
39503
26471
32402
12250
32477
22182
25365
34772
19152
35028
3681
7338
2186
2516
47508
20816
25592
42909
34052
567
42590
34286
4880
30898
732
45135
6673
16940
25215
28215
17557
8699
3932
28937
38569
17166
43713
40024
30647
48027
1583
9554
48271
46059
24448
14763
44509
186
19225
26308
17895
46723
41192
40559
37935
38575
36384
16595
42251
20418
45308
4486
1504
424
2995
26340
14850
42070
47351
4562
7265
32343
39112
22915
21299
19013
45823
4843
46941
36358
45145
3013
42139
3527
42990
38639
38243
16443
5837
14591
23976
19818
5291
49141
10684
11164
47456
945
41549
12495
19128
41854
9557
23232
4808
46138
48260
8271
39955
24287
49245
4020
22508
20908
17381
28859
12427
3137
4957
37933
11368
28506
21170
30183
23702
40929
23658
9675
44707
46804
44433
24395
19279
48332
37295
49239
13140
21891
33529
11183
38094
7744
43637
24742
6268
29273
26883
31031
38734
14314
3097
36005
5256
1793
10855
25947
33271
42851
32361
1065
13197
24397
11050
7240
35560
17133
10714
18289
27225
30473
36281
28595
9084
37137
20517
27746
17922
6301
6977
41473
4186
14906
25667
6309
25727
18482
5665
18199
34137
39708
47447
45429
20538
48539
33405
2761
33448
48310
20389
12482
25707
38207
1856
9610
23521
22952
40724
29988
8134
30146
6552
38347
21016
703
24399
10964
45466
18197
38166
12524
40615
33844
35577
38284
5988
28352
28563
35919
35974
13269
6501
8284
48246
3629
20934
41036
18813
3413
28149
1568
41522
8558
14370
24294
42356
40670
32554
2911
43751
25584
30740
29399
46064
20241
34038
37848
21001
24275
9139
47718
3284
41687
38751
5738
28282
33019
18927
48345
11953
22564
19404
11157
29349
34641
28999
29995
764
25122
13143
16853
47796
8029
2440
6722
14089
24734
19504
7117
11001
1162
9067
44253
11272
190
22771
28782
49233
49502
8917
3851
38197
32190
19537
22198
20513
42171
41722
4012
2125
41279
42226
8422
9851
3150
9324
39716
17781
41359
861
23557
13509
23810
35971
29733
22749
37468
11504
6268
37853
4570
29138
46199
2024
11866
13283
1604
17946
44502
31409
35623
19817
20240
17627
20568
30547
33093
9768
31433
27994
35049
12282
47651
7078
44272
37599
42415
4250
12655
47047
5042
22807
7673
24354
17471
48060
22079
3415
11559
40918
11958
31399
40562
2709
49461
25203
32462
2127
33259
33773
21034
26390
580
34599
7102
13385
17309
6727
38833
48352
4062
45067
37782
22521
8999
29697
2426
10497
12718
28139
27763
9767
41182
26283
31437
42980
40776
30375
12466
19423
48685
37611
29820
41226
16901
42678
16380
13745
46245
36608
18982
36987
18618
26011
14982
49688
46067
16816
38165
31298
15773
12803
45392
40767
43399
29118
32002
39084
18492
15148
47181
11285
48593
33307
27542
35619
47073
35151
11129
24903
38276
16795
7624
29115
40377
13090
33222
27607
29658
29809
34283
34513
18085
39335
19267
4646
28955
2355
32892
20097
2657
26029
26254
28882
13442
2956
23056
29300
42408
43669
43951
27544
17280
8537
21434
9715
48374
23217
37759
15106
2833
42386
28476
41765
11160
16882
29206
6216
18780
4053
22742
37564
38730
4080
45371
7264
4171
36688
31278
24385
9057
7854
10953
731
43076
72
41510
30277
21293
22048
16089
13265
44566
5596
11365
680
9436
20566
31957
10619
21668
39992
27338
28153
639
7475
13760
21921
32388
39519
11595
38652
29904
36524
31112
19029
12258
12793
47670
11460
21367
29148
45696
16245
28444
8210
22389
21257
13114
11400
13751
17987
38665
14850
33658
44048
1055
32094