6881
9649
2920
5770
8365
4083
88
1658
3909
8546
1746
3017
1629
9172
3095
3196
1466
9893
234
5854
7587
1350
4643
5526
7427
974
8089
6573
8821
7352
7376
4107
576
4232
381
6632
5148
8258
6925
2345
1543
129
7724
7969
4410
4876
1339
852
6409
6187
7563
2715
3995
1283
1383
2456
5619
8427
2162
4617
6727
3522
7251
5283
222
2344
5815
9073
5496
1889
550
8434
7055
4157
3460
5701
9967
8372
4670
6369
3524
2367
3386
526
160
3448
7512
8714
5141
296
4808
1002
8170
274
5868
2363
3055
6145
4071
7049
84
9535
5522
1207
6049
6715
6344
6194
3120
9829
6925
7562
4148
2001
8493
5258
3526
2753
9125
1392
4347
1478
9252
4018
1146
5890
8203
9877
4162
1221
5853
233
3021
2054
2757
4930
1371
4629
545
1370
9558
5946
3987
3289
9652
7164
1797
4321
7845
2213
4323
8068
2286
3572
7239
8164
1330
3254
4605
7118
6713
3338
5847
8579
2789
6776
8328
7630
2776
7696
2351
1301
3652
4594
9994
3553
2633
6777
617
6499
3583
5113
2520
7091
5826
3836
2350
3290
5263
2614
4809
6109
8823
1870
8927
9530
2991
5353
2020
2617
687
793
4041
7937
7314
1502
4411
594
882
1961
8279
629
5355
4137
2629
6469
7008
1993
5807
914
1572
7601
5176
3735
962
8576
7294
2635
4590
4727
1854
3627
4373
6671
732
68
5751
9000
4448
672
2174
9999
5947
3830
6479
1204
5781
2032
2849
7232
875
9802
6220
2727
9567
4585
1528
6156
855
7891
817
4359
9156
979
8288
314
1744
2363
1824
2379
8922
2109
3776
4423
9200
9776
7853
8647
7710
3097
4554
4539
8154
4071
6403
2248
8999
816
1405
3089
4409
3041
7421
3366
4110
6557
6227
2245
2617
6626
3471
1258
6013
6411
6032
9058
645
3453
3027
1998
1551
8279
9914
6419
4728
9054
2383
2858
8159
5667
8173
3840
9520
9607
1213
6961
5395
3919
3607
5933
3771
2651
5130
380
212
3572
5088
7831
7972
4141
9249
9438
8094
5809
4028
2312
2055
2741
5549
9839
1890
4051
2624
9441
4056
9430
2383
606
1801
1047
2280
4586
1753
1860
739
1931
4370
5560
2906
8584
6407
5993
2257
5611
3056
103
4806
1711
6979
9189
9520
9560
7967
6694
9828
7657
8963
830
1642
4916
8708
2277
2559
7156
6752
8260
5991
2549
1419
7457
4673
6778
3544
5130
4000
3600
9204
3369
2798
7551
8910
3907
6187
4128
821
257
7816
4578
7565
9493
9115
1604
9891
860
3822
9851
7963
8111
5572
6735
7966
5625
2335
4529
632
5426
2271
507
4361
9535
50
6394
8593
8339
3199
6277
9390
7796
2409
2370
358
551
1939
2655
1478
5192
6859
9992
8488
5220
6227
4097
6939
4877
7753
2162
2309
9600
1897
7268
2477
1631
6109
6909
7036
262
5418
691
1309
1377
9121
1429
4953
9558
6195
8099
5320
5976
16
8186
3501
8921
8223
9527
6455
5881
7402
2678
5061
7806