419
6493
4291
7874
4363
4394
7362
7701
7539
92
7784
6768
4706
5538
1126
6744
3958
988
8726
3204
3362
7926
7775
2607
9904
4607
7668
7601
1091
5728
6045
7825
7458
9482
6096
9540
8951
5562
8363
6638
3909
281
3870
8040
7149
3373
5872
9261
8701
9222
2825
8018
7828
3056
3011
4171
6307
6534
7691
4697
4097
7595
9105
9335
7649
8344
8871
6795
560
2665
2967
3332
4704
3803
6517
8911
6624
443
6668
179
7641
7350
7127
5868
8519
9113
250
2542
3218
6914
3598
4392
3863
1956
6348
2901
4976
273
311
9360
2233
8256
7463
3688
3644
9973
5498
8013
7321
8523
1689
1292
6620
7841
4974
7129
8021
8027
7023
2613
2114
9132
6571
9472
227
2126
7150
5414
5365
1442
2784
5559
6954
5485
1762
4242
4082
5396
6730
1224
7739
9101
166
3896
8648
8828
8933
2660
7045
4494
3476
916
5028
9405
891
7508
8869
2572
4376
1915
8921
1025
7953
498
4134
4548
570
3597
3746
515
8593
9475
5921
9853
8056
2700
9562
6129
720
7488
1841
6117
4093
2045
7290
3223
7747
5339
968
519
6477
2797
4283
2940
8053
5757
6008
6842
6167
8233
3887
6580
2957
4813
6784
6113
8330
1724
4236
8074
7539
7445
7608
4155
5725
7174
4360
6938
8852
4127
2838
512
210
2354
6205
1158
1999
432
9735
6085
3253
3282
2546
6443
9567
7282
626
6622
5778
7473
9790
6708
6158
6937
8828
2946
5344
8048
846
5879
4723
2152
2035
100
8664
410
7092
4196
9866
5126
2095
607
6612
5060
392
3195
5807
9713
4440
8132
6235
3601
7684
1847
3
4502
1419
1827
5616
2841
2539
3379
1874
277
5405
8773
6574
4586
2019
979
6267
9033
6762
3728
228
4108
6354
8920
2878
4541
4226
9917
2686
3646
746
941
7069
6057
888
3675
7916
1892
554
1016
5952
605
8832
3940
462
2877
5458
2574
6906
7747
2071
5080
5339
8594
4658
7056
6482
2180
1274
6575
8291
1773
4378
2254
8448
2037
8193
9341
3658
2733
596
6667
5554
2513
353
8683
9865
7169
8636
5945
7410
5312
4177
2716
7088
8506
4044
3722
6898
4733
3451
8079
677
4667
7304
3240
5235
198
795
2266
4784
4050
274
1414
4128
5516
4405
9481
2109
5838
9532
4910
6190
2778
1667
2430
3499
6985
140
5669
568
8048
7005
4101
3500
3881
3509
7375
5667
608
9884
1754
518
5798
7133
2646
9274
6499
6379
8718
9310
1828
8587
3727
285
9423
4286
277
6122
4465
2989
5917
4909
6816
234
6727
1825
1461
912
500
9594
9178
1015
4064
2439
2252
5229
2283
5064
4069
7295
6850
5089
1166
6771
9456
7037
541
606
121
4649
8185
1857
9337
4192
5381
4490
3580
7813
5950
8457
8593
2603
2456
1289
9447
3345
8560
3596
2813
8198
7873
2495
7461
7582
6137
1593
9871
5271
3311
3302
9792
9692
6863
3152
2850
9393
9281
5411
5540
3864
1160
8436
8404
8917
2242