514
35478
37685
3120
34036
23338
26169
45831
30821
38038
16684
40515
26961
181
37229
6983
38457
13576
35873
41639
64
11501
9865
28665
15480
40190
31270
49383
12525
18364
4138
36572
47139
5901
28440
15628
18705
18662
33599
45404
39727
1106
3135
23523
35132
15337
35353
21085
9468
25622
36099
40657
48121
13915
33973
29358
21413
5150
22724
34656
49296
32166
44831
43996
18577
15983
46767
47961
41815
11018
20295
14248
18561
27081
10961
29126
28831
15121
2437
48967
34675
20939
21934
47126
10701
45508
11621
10393
23591
12969
19593
29349
10496
34597
22923
15983
13084
43375
14526
1578
4709
43442
2176
45981
18116
41390
29276
19254
48647
20503
34785
44649
26117
10048
14986
2900
3613
42520
8117
20492
40482
43501
33395
23883
8996
26511
45148
40523
21947
30109
38933
43684
18906
27750
25103
25984
19737
45123
35465
42573
38376
46413
45266
26997
41880
11589
26857
5591
10381
21656
14799
16241
5973
19139
41248
15989
37774
40510
35431
29756
5234
7808
12803
16673
8825
26534
9927
37866
48269
1707
29368
14058
9539
37514
15696
44799
23488
49773
25059
14012
45087
26482
48227
42294
32739
12032
34699
31386
40816
14346
40014
8654
33408
31778
47646
27976
3002
26533
30762
27840
24760
17556
4590
3447
23335
24905
10163
24028
47120
37278
31058
25400
38321
22606
16601
48082
5672
18007
3627
39826
38356
1506
11010
5513
36102
11787
33130
10833
36876
4354
16733
11086
18776
14105
43472
37154
30828
27375
39982
45779
37468
41857
43763
48675
8168
35595
18640
31608
4677
13266
48866
36567
38466
8261
14779
1688
16396
43262
37280
13871
47373
41372
27340
9412
14897
5604
33401
34734
2216
13570
8506
45521
41604
14999
42060
12661
32815
10403
951
29256
46370
41485
6606
36137
3379
19169
39549
26941
48339
10112
15542
20908
33551
44580
43668
23710
17750
29135
10507
995
11557
41130
973
29158
37951
7064
48486
30053
44218
39268
45977
38453
48812
48470
8645
18353
31171
43705
35982
10870
27776
23037
33038
29385
48361
17274
11579
23784
3682
42814
18602
9091
38544
13903
3216
7079
44397
3955
11803
34796
13150
40519
43715
19653
3491
49677
43480
24270
2581
9635
26815
35598
8078
16456
1638
22674
11905
17972
36411
11638
31578
14530
7063
3330
11226
28594
307
21796
42133
23711
47897
23529
41746
12698
2223
14750
21420
23554
35504
16637
24795
38572
45880
6205
47265
11151
8297
29042
5186
6446
37081
25066
25760
34309
20214
16918
31622
47182
45910
17106
7259
25636
40179
31975
6158
26491
43917
32521
34135
42423
48806
32081
40791
8631
4931
38053
5873
9549
44517
27247
12146
41003
246
46789
37588
25406
12167
23224
19630
27789
10168
4649
28954
49312
24494
5865
11883
25018
38156
13617
6114
10744
15499
27608
36313
33170
48260
30077
3113
12581
47013
21144
716
1867
7436
18929
18626
13228
36894
40060
27175
8611
8734
36542
26440
9520
4236
13470
32812
36379
46214
7527
44553
32147
2811
7650
22561
12213
44949
46418
26064
48825
9128
4526
3719
2109
30554
15467
17777
12232
28693
46837
44969
12822
23835
22148
7862
37774
8148
45228
37853
22391
3830
31758
9570
8530
49666
38389
32082
42040
5127
8151
22589
45838
30576
3939
16477
17375
26373
4897
15463
34222
47015
14730
49586
26512
41794
38392
47480
32854
26724
37277
9314
40168
32789
48984
31919
21977
40776
9642
37235
8414
32562
9590
3943
45462
48653
32977
14353
5212
15736
47160
35149
4844
12369
48544
45895
10670
18789
42039
31286
37600
20498
8586
15772
11210
48370
27593
10626
42500
14728
32205
34009
16872
26685
29297
1524
5193
21845
34062
1990
6828
11773
45602
32096
48279
22355
14137
12543
16062
43729
32579
41896
22505
40517
43289
49215
2901
36862
21926
41556
16718
14577
8681
7503
39925
31717
7664
45307
8761
21750
2834
17094
39536
14525
4882
16554
4659
23057
29368
10699
22888
42840
2983
3114
5525
16482
29894
13129
35111
10783
44219
13651
11198
25103
4246
42022
25208
26872
47868
35530
40291
31265
14404
15851
30071
12546
9921
20565
14671
11903
46583
14922
2507
14046
4790
33510
14438
25850
948
4311
30067
36188
2660
36371
42420
45536
7541
4950
33997
48819
16304
12274
46770
41530
37790
43361
4249
22925
28737
29512
42997
19996
30304
9653
33565
48605
10105
40432
27216
34309
43435
43318
41321
28746
10632
20849
26515
38524
21050
21817
43936
14177
1761
21340
38819
19129
23932
5383
21554
43928
45141
12974
19717
42511
1251
36179
23735
6665
35310
7825
47406
16948
38855
49597
44565
6134
27634
37060
883
98
33967
26927
45158
22245
3265
36545
29138
3922
45482
44507
26161
24813
2014
18739
5262
26405
45267
34388
25659
20865
34828
46096
13214
24068
27462
6794
11408
36436
29309
49831
22371
21012
15214
10878
9859
39419
40481
41828
2002
30009
6212
31943
36183
31848
34850
9789
23622
31113
1435
9955
27023
23101
21540
46460
8319
43469
2141
16525
12468
4879
1707
7685
28288
49166
3956
29703
26789
19496
28430
22718
18745
30388
10872
36373
25800
48349
10206
4544
7135
46417
19474
25393
3634
14510
17342
1655
33179
40408
13599
6140
32353
24326
41264
19110
1382
36116
25981
36963
39526
39353
48791
23648
16736
37477
40033
41142
15581
23148
30401
45218
11325
42176
11445
19908
38659
10951
27488
11466
19294
10705
26437
10917
39083
20468
45874
26402
28829
4937
20468
42687
47817
11333
38033
26715
20326
5309
13177
3345
38095
31579
11833
28880
21610
13435
3166
37139
14214
45910
47015
5919
43710
45413
32173
19834
15327
26648
15721
43270
17555
17334
21007
35150
34825
36361
8329
8377
45342
3164
47265
40205
21782
43332
28264
985
2499
17903
47518
26581
17281
22647
21861
3669
32658
49083
37677
47163
45867
23080
4001
9618
47438
35654
46509
33296
10669
38628
47988
43633
21336
24613
42197
34417
31480
25565
6745
28731
9705
27165
48555
8354
18887
15089
44021
215
6923
5550
39589
43700
24663
970
38534
7310
16303
33289
2002
4398
14564
16851
42660
44067
43681
19792
25002
8984
7734
37961
49747
44759
9021
42187
41770
43009
5126
14768
29508
36469
16552
40455
42758
22088
28138
23044
49788
1258
22368
38936
39491
18265
14691
43350
45308
3901
3040
21507
49662
34132
4750
19532
523
48110
2567
39552
71
22162
36175
21300
37930
42075
39592
12389
41240
21172
16252
23891
29510
26347
22083
8549
46935
2787
48045
45458
33006
15050
6644
15370
45327
2820
23961
15665
14319
44276
11324
26099
37024
12860
7025
29705
34735
39317
15897
21541
24960
4727
28908
44584
2125
36664
3516
64
34833
3942
17598
17207
42121
13156
26103
49730
41008
26113
20169
32235
36310
23778
28005
21689
15514
27633
18180
12942
4438
42239
40392
16004
48039
17287
21094
7615
13919
49268
47712
45259
23281
30921
46187
32731
730
24930
6032
5500
692
12240
4960
47906
14460
27676
1723
32320
13807
20983
47555
7435
20810
25341
22728
803
30647
32475
17620
37670
29104
15292
47345
33655
32893
25659
14485
10441
32464
24697
813
41544
5669
27574
35212
2545
38025
34150
29561
9491
49063
32878
4811
42749
37693
1146
42322
11836
19907
27133
2396
46061
40768
36294
18009
44093
27740
30143
18293
33911
3444
18685
25395
35867
31601
32755
16155
23
9507
980
49007
21864
41117
32305
47968
45027
13423
161
44448
17101
43458
33521
33605
2824
21414
10615
38887
1548
20323
26839
41601
25227
43507
29837
47208
23134
20613
27567
24576
43225
40485
23393
19283
45866
37423
34741
30207
6496
49071
12220
35556
3966
35097
44105
42630
23363
39576
20898
1777
28143
40895
25979
40722
47896
8692
41262
10821
28911
39948
48126
18361
21861
23738
35251
14945
42945
9242
49823
20124
41444
44654
22428
29413
6535
3586
26014
25628
30236
39644
26224
34877
23223
44746
9175
23727
9411
41279
49169
8314
32715
33014
14933
24174
46330
815
7281
27315
16415
8428
5162
5738
23783
59
49537
16040
41308
45548
41024
38656
36864
3485
35687
33087
48938
8333
2799
49397
13894
4393
33488
48748
37462
12562
37126
37208
36219
34585
8144
27997
41727
10425
30145
25914
43467
48351
46731
39817
25063
8856
27463
24127
40002
36262
32804
41969
49061
42561
3611
34419
25114
19064
46154
46021
5856
15778
12522
4379
30119
8173
804
7990
18161
14961
29548
8458
37786
10439
31274
45752
6803
31554
7537
13083
36134
28666
19045
13749
46964
49735
31270
23177
4844
13291
41034
10051
15706
3003
19362
11065
8347
16728
48764
22673
38480
35988
18416
49614
16096
41758
35119
11047
28330
40956
34635
46573
21302
13521
27919
14148
2884
41324
7719
19706
23907
26666
3618
24785
23615
45327
3906
27060
47185
21117
35425
15365
19057
567
41443
38090
19431
41115
28712
2943
39459
46505
34180
36795
13262
5144
33845
4262
48025
41940
8582
25387
32290
26334
19976
23649
17579
21908
34136
604
19168
15012
26071
9959
17223
16189
724
9442
3705
39330
6629
33683
36444
24108
30854
23064
4515
18170
45688
38164
21996
23903
7585
23914
20952
49493
10150
1490
30078
5838
29785
31881
43779
510
45125
17799
37431
35892
41237
8173
7710
47564
12523
6303
7655
46187
49541
6965
16597
40281
28877
33330
25102
39752
40817
10044
49560
34904
49599
3852
28385
15634
41416
9284
29190
48398
32574
11882
21379
39834
1002
42614
14459
36463
1304
11496
25902
47523
42305
29819
33596
47262
49209
31803
4125
31110
38506
31219
39307
49540
1312
3415
9430
48251
27568
34113
34122
2704
19644
2956
42089
11769
21566
33111
37872
11579
16091
1932
25521
9294
2753
45113
29839
33744
28147
37393
24967
6564
25062
42996
39670
5424
2316
22484
45261
28886
30875
18783
41310
47035
45037
34765
33499
27192
41310
48417
49565
36041
47198
48159
47738
32253
42630
31204
16781
11434
20638
17800
3163
36107
37435
24570
23172
30257
7157
34788
9746
10513
17157
7858
13788
5221
5721
23706
41671
7611
17357
29421
33829
7158
38343
32465
15109
28745
46426
28904
17426
16871
32373
12719
19412
36285
23263
6741
44782
5649
10828
26698
33639
36575
23755
9314
39142
25579
13964
5117
45426
14424
45641
7761
19175
7741
45920
2430
6576
6535
18076
3436
27234
15227
37379
31571
48761
19428
39840
8061
15098
30804
31434
14927
4892
49506
19164
41112
24243
30582
4368
46328
42023
20145
49522
40231
18736
36047
17202
47905
20632
4928
22090
46403
12060
10591
34642
11732
39310
24862
17860
14150
19729
8685
41448
26138
46954
36231
9610
45441
22156
9006
23660
28854
11396
41813
30211
17660
2837
49091
8200
15581
15044
25786
9119
46525
37556
7913
18182
28653
30633
34875
11728
22795
1450
47327
19643
38916
8569
41083
11356
49468
14164
26354
39896
24454
1844
32705
17393
10827
44803
26196
48244
43117
44492
31548
21355
5608
46478
48027
954
37247
37723
9177
19621
3560
45217
11307
42047
3240
16783
10219
3484
21445
48676
22422
9213
17479
44291
9397
44292
17737
10145
46264
38102
27032
14735
1211
9713
21970
30059
29129
30047
38838
40698
11270
47327
22880
34258
21830
49426
1252
24794
6805
5613
2983
27311
27297
38159
24132
42259
4729
31992
22692
7281
4449
15227
41466
7711
33195
45419
26356
32501
26282
32110
26811
4203
21423
18651
6942
34554
28434
18686
13332
396
12917
27203
7608
35008
20610
47508
48900
15472
9697
6682
13907
18162
37033
24802
14782
17336
921
4610
40720
7894
1279
18193
43069
390
12345
30142
45130
42365
27575
23797
41136
29769
26698
46816
17351
40282
47601
25674
2143
29299
1211
8554
44776
13377
7807
49385
46404
33627
31072
22331
44401
24369
314
21080
38075
28652
29834
15423
27861
37217
9790
41110
25690
49307
21063
44914
42312
7806
21253
13065
39307
41134
5275
41465
37816
13171
28362
45413
47945
41936
42371
34374
31504
2375
28241
27609
15785
33501
1203
19867
15933
42616
14288
4551
5607
37716
39538
25106
10721
37915
29500
14538
20019
10429
49465
919
41192
23237
31335
6013
13069
32623
25091
20577
11661
12936
16636
40922
13861
30720
13435
28702
2543
4808
10510
37927
40511
5795
4763
43558
1827
38605
36477
2168
44377
13563
48431
15808
3712
16806
48626
43157
4991
29401
35632
27578
29369
6842
37581
2064
33240
13800
13382
19165
49414
42672
3729
43755
18799
44533
3567
29808
45788
8176
25605
38226
23384
12262
31430
8361
10815
28038
16298
41750
24588
46377
8661
30640
26299
1405
662
15926
44461
20845
44629
26142
18946
4417
39630
9808
33521
41479
23386
26991
29803
4285
26574
38897
37861
21358
14699
11561
16313
20483
33270
18432
1696
15239
1535
29751
237
42583
11760
8277
22670
8679
28147
28931
20914
605
11445
32653
36697
12784
10113
41703
4947
38285
37191
30912
29031
48357
38911
33182
37181
13514
48642
39640
36909
27297
41422
23899
32838
2124
45985
6592
12633
31120
33487
12042
1517
16566
40819
33181
19655
9490
33933
22048
27079
18629
16331
8900
33663
31990
11727
45469
49811
30773
21557
15983
39512
5744
16892
29839
30557
43944
48827
35140
25678
29641
29995
13645
33996
39664
11963
12651
38458
48514
35615
38987
38872
17269
38970
49240
12871
13283
6556
49807
23689
23590
36075
41216
18911
30502
45983
38821
5982
11773
44498
39299
2796
43381
31813
8860
18920
28306
13284
49885
946
8627
7643
18706
45836
49992
21859
39216
12748
47965
26282
21044
1014
49289
37833
27804
11599
47846
2001
18813
10865
41540
49534
47192
12705
4584
22005
24875
42345
23513
16707
49115
33305
3204
10667
5515
46524
910
3010
24345
8802
4368
11461
13281
250
2673
18403
18538
47778
27750
25029
45242
30770
26561
7770
1695
3225
26358
27368
22661
46137
49006
27586
27685
23924
38343
32414
20565
131
17316
5296
17652
37918
6061
22566
10950
37922
26917
23349
14557
16237
12945
19193
20822
7393
32509
21264
47899
31859
32891
18804
42131
19551
21775
41251
13791
25620
9815
38601
41454
43406
27428
38908
36255
41713
23002
11760
37705
36375
26674
2971
48649
6175
25620
28176
4269
22418
46730
496
42347
43681
13638
17686
5015
38072
11705
39156
457
35401
3697
33684
37166
16985
28085
14356
13219
49975
24541
38739
34318
11459
22342
20267
26963
481
14191
3772
8778
11158
37962
16379
12873
15220
26710
27000
47038
27330
34278
26393
35650
29956
9388
24687
40719
16846
18114
29444
40454
4339
42107
20901
9242
34773
3439
4366
15373
9111
48404
45147
24694
37626
43855
45249
21994
49718
36978
22341
9924
12644
8439
8139
15805
48014
2916
261
38132
49907
47455
44555
4660
6621
42572
10744
17171
37902
3372
48319
40647
19396
46558
27232
19849
40198
29241
25880
36651
17027
44024
37791
21996
17113
3275
47251
47314
49869
15821
21359
39717
25685
36018
12532
30673
654
12890
31205
15696
39633
34299
43592
29063
27327
45754
31512
34395
18219
48357
43589
18671
7880
4139
16690
42883
18053
8374
21815
40088
44440
16665
36331
7737
40407
28570
7899
23631
37305
15895
41155
2067
25592
28006
49133
22229
16288
20141
46718
21876
19018
13951
34929
12952
38264
7774
12370
16265
40581
43035
24528
3590
37843
17958
37809
46129
20079
47378
14268
4144
46064
4112
22781
15231
29764
7206
29457
33502
28
29359
559
44301
23580
25835
40233
41576
8737
23466
954
39110
12726
29342
21083
10550
25553
40071
11348
15977
27423
18532
39118
25840
15129
1136
20109
29155
39042
39090
29812
13364
48085
18760
34850
47238
21806
16043
18112
8549
46954
7203
4465
37221
6224
39783
40263
35151
12074
33723
15187
8225
21364
25339
30098
15533
29917
19660
6806
21153
36123
43725
20091
49186
19536
31266
3108
37789
47220
42838
48897
30189
31513
30869
3746
43123
30975
20052
27831
9819
4434
37701
15911
47999
23068
31367
27977
26675
48427
18791
47333
11967
23414
15522
14354
35777
13732
5008
26812
8121
2546
43830
42181
1562
43596
39683
22298
463
36617
13033
27248
46607
36379
44060
16062
44476
4652
12673
31338
2053
45524
23975
11872
4918
390
39804
37459
43370
12789
36994
5020
10441
34812
24320
11692
16886
27782
29075
8258
26592
10848
27022
35298
30032
40530
29030
17521
2575
9284
41044
27529
38740
28825
35607
15744
34333
13173
39606
18753
6399
38380
36648
15608
12763
16866
31261
48285
3677
27016
12328
45726
34812
41131
34120
43489
27118
20465
15921
21207
47929
42700
33455
9244
1112
33189
34708
15931
49267
2429
23003
17690
27383
31444
8725
39563
48426
32435
27535
47043
13134
12064
6751
6845
49850
10131
24950
3287
14935
29477
21203
13255
40756
45309
36728
35540
5821
15288
20295
45988
5055
30572
22419
22413
38831
27977
6885
21052
25541
15672
29471
14481
24857
34066
20875
15538
15255
17039
80
30331
3372
6435
36152
10173
49062
5069
33928
49937
15122
49241
6452
9461
14527
35508
15738
24303
21572
37176
22946
47495
23216
31548
10072
38930
35796
20615
25253
22174
14889
36323
27777
46494
47463
44539
14328
13497
30829
47504
26492
12282
19876
29185
48389
34575
40792
46320
36475
46661
29593
9038
44381
38131
33353
45909
37304
30694
4565
35428
5779
30920
46980
16759
35317
3667
17945
21532
19598
30662
34159
14898
5633
10584
22148
24171
5495
7239
17114
5571
10466
49940
15775
16113
20686
6457
12950
12644
8986
30864
40495
12076
9522
29610
24171
1750
38744
34968
37600
37193
3204
2364
2481
41951
31477
9570
45073
29302
14802
49679
25318
35318
40561
14042
49241
3316
35309
28174
38152
18370
7472
6657
5607
17498
21764
5131
46607
39614
21563
15326
46002
3707
8900
31074
42941
20723
7662
39445
9299
10715
11194
29801
10702
14114
5821
5095
39064
26300
16634
43513
47608
45342
39672
25976
6720
29146
7981
26259
16841
6604
48248
20053
35872
47324
17301
33258
19435
8443
28451
29752
11209
13331
18338
41139
40147
14084
48821
49527
7015
12766
45944
32203
7508
35772
15046
31165
4349
18543
15156
24199
7412
11439
3665
7649
12788
18128
43162
13839
49088
5232
30844
13815
32039
40571
36106
1557
47422
17528
4333
44395
8443
10895
22918
28823
49966
35947
39616
13792
48841
21550
40586
45431
15183
17286
33607
2031
25126
14432
8199
36458
32550
15965
4144
15750
23468
35065
40364
45209
16873
6455
22211
12826
31527
13648
24202
8022
11701
11442
34423
42226
30176
25693
24313
16112
45222
1499
36845
6783
17035
34223
45063
14998
1613
27230
25310
49828
22032
23909
9434
44419
9463
18987
27373
24820
14064
6892
24880
14096
49817
15799
31028
19008
4523
49064
38813
28536
26517
45636
20773
2176
32883
37144
15362
8327
46491
49809
36296
10218
15570
17435
12961
22596
27428
9338
21218
15765
48951
35004
14455
25316
27144
2895
7589
16215
31910
41881
34790
46664
36920
41065
9903
32439
14207
47285
2283
43398
40480
22134
9613
20034
31096
7146
7580
41945
4824
3482
18045
44146
49115
25006
3842
28768
11380
359
33234
35492
3824
16003
1000
26259
38741
34165
14887
35646
16013
4495
39260
35080
10953
4880
18304
257
22410
24766
39103
41795
20811
26594
22066
18457
18443
47967
23378
42203
39409
45784
41211
31469
16064
7732
37926
2629
3878
23519
11839
43003
49394
46046
24669
1811
48629
12392
32233
23064
10119
43765
5193
22328
35067
16192
13906
41743
47904
3736
40358
43323
7558
16
20044
8552
1033
34319
17464
14774
4362
34708
14290
30928
4476
48107
29806
16436
38741
28331
13302
20103
2800
4920
2142
28213
40151
20748
30560
7404
12940
14988
41549
41728
8978
28186
7059
29788
14632
28017
17198
10950
38594
3192
49776
14266
2137
39272
35586
36463
25282
1875
37475
23003
43538
18354
26116
20104
32692
25017
4876
2180
4317
5122
30510
432
710
17432
18334
23951
21925
14022
32637
24211
26564
47068
3476
19447
7712
47869
20682
11432
38313
38307
19083
32279
45163
47993
10192
5460
9712
42125
9658
15792
25298
6571
11604
20494
5587
19694
16358
47187
14709
14075
42931
21195
35642
37312
6834
5575
39476
26135
25068
11416
29785
1635
25983
31747
30409
38484
46480
16714
14261
526
6886
30077
33002
8720
24076
38428
43634
12373
41957
32558
40254
3303
20120
12105
3605
43803
4018
23953
47975
18213
27046
11787
12982
32402
10144
17935
39049
40784
29596
46223
44328
4558
21089
29032
38923
41518
35453
46534
40699
43111
44008
16035
5337
36901
16307
15619
4829
5489
41361
39036
26851
49249
41977
40391
32688
30
33732
30461
27016
25236
41408
186
39865
39141
1274
42571
47300
33307
40014
46262
28975
11480
21722
43857
5632
20698
20897
15928
13521
12407
10652
45947
45565
33011
31
3798
7962
3933
47103
44471
31226
46459
19916
779
32262
32031
10610
21246
25362
15136
47441
20988
15775
38273
35837
30551
4368
28174
19189
13573
43168
33216
11000
41648
9918
318
14985
38503
9439
6706
5692
49628
15273
24932
23015
12903
42213
6146
46458
26871
42310
19150
32537
14448
39015
18206
47295
1062
43652
33262
38840
487
45944
40530
10928
17552
19896
42011
4461
20596
1599
11696
46626
1813
38165
39254
700
16299
5269
34906
36449
23865
34843
27148
17192
9039
10815
15126
30242
9292
41738
41148
7330
2765
27582
20273
39543
25633
48747
1808
34916
19476
24675
29330
1084
37519
40102
17438
6798
12352
761
15202
12390
39815
18519
4109
19216
20754
32890
32755
30300
38125
14804
20696
29750
3950
6479
30125
4002
16051
13885
30782
21213
10250
15579
43297
34147
8654
10210
38559
28811
21371
15268
9323
25180
43459
34922
46508
47659
4782
3878
46169
36565
41092
14713
11253
15528
34812
19258
20850
29203
17574
11567
12694
9939
9461
48491
10213
4994
42391
16402
21480
31103
38980
16527
17010
24673
20636
45284
41024
11269
31515
14517
6480
13478
17977
5466
32423
25680
8981
18723
36182
2140
37661
40690
5303
46562
24681
32692
48729
26789
22118
39892
47755
45244
5959
38618
7908
40922
41611
8142
33729
26800
7945
7020
24639
48474
49715
7389
37477
25962
33644
49053
47438
43150
39815
7016
12114
9134
29152
10802
29793
20196
2950
2442
2397
5403
31044
12499
31725
45818
27336
41054
34108
25328
15660
43898
27843
8226
46266
19206
30148
28047
31862
1331
16098
25838
23801
5974
1277
29735
5869
40410
15436
29672
14869
29533
26265
439
48757
1075
31614
28938
20012
11508
32632
49839
22783
19990
48403
1140
19487
38835
48371
17519
10979
38979
8428
35734
19890
36554
15751
27648
24965
36090
23091
36284
2298
39246
15045
21986
45085
48921
34926
7051
22571
49116
46090
2946
28723
10619
25529
6773
49740
17801
47090
36667
40315
43813
28942
8743
39111
22262
15069
33028
43189
22545
7944
48332
14753
43785
46246
38386
6904
49302
89
7192
16006
35000
29384
21881
24855
18673
28443
43179
15352
4252
13300
44730
698
18226
5141
37660
43938
47292
37754
44138
12543
21633
46381
26764
33147
35338
45322
48712
6246
32607
37930
2244
28261
11446
28858
38000
32601
17386
31648
27433
21670
8835
33439
16311
7925
6513
45766
12140
49193
19117
17400
8762
41845
24101
25522
40591
12370
20334
48534
35104
9553
29566
46872
30059
38819
45903
3779
25864
48671
26813
24008
30128
1612
42428
25204
29811
30740
24989
34584
19964
20045
4269
40807
29170
15814
5312
4948
10515
3386
33573
20656
13333
10139
33250
33507
9311
37732
26594
8259
13785
4958
21869
32463
7474
10527
21833
39837
14473
236
7157
11451
20493
36422
16954
25201
27447
25336
42980
11112
30182
14356
1319
47548
41129
18350
38121
45799
48583
35903
2636
32008
11614
30763
9618
6383
28880
11125
3464
6824
35529
17577
20529
35512
45275
46798
12387
43709
21877
45142
39982
23212
43205
4727
13843
8607
4598
8592
18239
17928
45314
46688
42014
3759
50
37351
15803
21530
18887
31606
46232
20531
35347
28822
937
3811
14759
16353
41857
40452
42452
33113
13411
44266
12456
295
27044
31151
37689
32335
48285
33470
23345
36217
36998
6001
12213
41488
43832
49848
6112
8401
29619
36858
132
3534
30816
27990
36958
24758
19400
32783
3305
47100
20746
14797
20665
34497
31439
21626
31538
41409
15986
40369
34224
19263
18116
39549
28380
28688
30659
22994
41446
10028
46273
5547
6557
34387
42351
28711
33448
24305
35525
16872
38193
12710
31195
39022
33310
31161
6985
29285
36146
45697
49021
5240
279
49712
9426
34748
22941
29867
36941
45373
552
23776
7552
49058
18314
28364
40297
45567
10247
32714
33479
25256
2733
23836
39479
12998
26005
8299
2531
24319
30074
20746
32852
20399
33956
6669
11299
29124
870
14685
20576
46747
42548
10374
41010
46238
8476
31262
30189
18403
3375
21894
32844
19813
42055
34406
7606
26497
38266
24847
12209
3487
39274
24077
27032
27523
47881
48287
31704
2381
26562
20180
19873
16654
9448
13995
47268
4507
17208
1182
49476
39455
9683
26675
21104
9682
7083
27683
10558
33194
20010
26100
2242
39628
37302
12949
16248
43327
37389
10415
35726
30491
8415
34007
20438
33886
9969
41913
47662
2796
24012
43998
15650
10054
3434
39482
44418
2613
4349
3636
33910
48268
32963
13857
20383
5212
48327
1910
507
39790
21274
6962
7061
24007
1824
32902
30741
39385
4637
6073
38832
23597
29765
1788
12428
393
20020
4543
13781
9456
20724
22293
1933
27272
44753
8885
38237
32315
43945
30688
26184
36874
21078
11922
38691
31837
37410
49802
19779
17475
47471
44554
38658
19708
1420
49300
44637
31254
19186
18494
14529
35640
49884
45404
48518
18116
42521
49426
48519
36274
46781
23156
34171
16382
44685
13668
20697
7986
27583
34339
29587
38845
12336
38690
1119
47629
25477
26930
16414
41505
3168
26621
30915
16551
1880
4357
48504
5450
49398
25328
32649
4495
31302
15624
40777
4639
29819
41111
23569
4174
49888
27138
37674
13789
9910
13725
922
49466
17870
25764
15810
8022
30005
17017
40707
32929
25193
27653
13064
38509
49263
10129
10369
24243
18619
45968
40692
6556
46181
24316
46867
36104
24654
16069
46246
34802
9565
8147
19231
38141
33545
44724
14252
49268
16655
9624
29988
37947
33464
7807
24947
39734
13682
45814
15183
8380
38348
34414
2733
46293
16900
32128
17680
37834
41375
31510
39791
9589
31228
46440
32167
40473
45437
3715
45966
47211
37825
23522
8644
31060
39430
4808
31
16797
23881
32576
47235
17251
20591
15820
33518
3301
16798
39413
21909
9609
1673
48111
2811
9108
1144
26642
16578
1492
39705
6948
38508
41054
35998
44273
45725
13187
1791
11082
22113
43861
7721
24680
40974
6669
17132
36354
45970
39083
48798
32546
42975
9756
7778
40135
28491
39991
28250
7089
16355
1680
17565
46496
3490
14131
6196
30447
12715
3191
43373
41604
27336
7923
43238
6416
7507
13569
35167
31578
10000
13078
1219
46546
7170
5307
34808
5613
46385
3003
31048
48338
26693
5918
47175
7363
46609
25056
17662
965
33632
43302
23469
8431
42323
35122
2731
25557
45154
13640
37843
28381
3461
10475
7929
18214
38723
34307
29231
18293
32153
37069
23866
18844
22738
11967
15165
46778
7695
10385
44628
15268
37318
11630
25372
24869
446
10242
35664
35793
35494
31123
5547
1090
27726
41562
23771
6233
29558
39226
19263
20760
29883
41192
45153
46287
36597
44350
28362
25330
29502
11193
22093
15641
5815
43105
49208
28992
30062
14831
17000
6085
6803
12394
39753
34291
10437
19347
49765
44467
41948
889
28819
20892
41568
45049
2816
30083
5541
3469
38759
13201
24034
1436
12118
2883
44486
49662
25571
38920
46737
30295
15362
43051
42241
43419
43110
4754
39192
25048
41851
30651
13079
12052
27461
34064
34252
38512
19616
1506
4478
24334
5762
36580
34029
25468
7034
24699
26628
27136
32250
1839
30529
1539
7376
5209
6123
9632
11142
9239
18440
615
43089
11127
5079
12234
17192
23391
4574
10349
13512
3799
38749
39995
17688
36076
4646
6672
49988
33004
18387
27202
12893
18302
9352
42772
15434
40751
44765
47859
8896
23167
4748
29842
31496
20439
28167
31060
39422
17291
45099
44595
20804
22306
4297
27019
8748
7046
1899
2640
15022
26795
47887
12880
47465
15004
49297
32081
6813
45381
8643
40395
37229
24644
42684
1709
39653
43500
22573
18719
45185
27654
9725
43785
28574
3215
27290
3843
41058
22088
1885
43335
28886
23997
5267
42051
21565
9726
20239
27163
1075
29003
33235
11986
1418
30041
25260
3540
40701
28964
29709
31812
28668
14107
9100
10421
4782
27019
936
40220
31031
7864
35790
48774
48038
47692
31466
18935
42620
46572
4177
14358
13941
21354
20311
13087
49106
33018
19529
26629
17503
46937
18122
13550
4546
4229
16408
38214
41867
11637
12096
4328
19753
24549
9241
3156
25014
47140
37997
13741
40530
24634
20224
49109
13298
7564
22662
3896
30593
9875
4183
19173
4622
19530
908
14353
18167
17959
24489
35904
39877
13660
5606
35915
41298
46731
39800
17971
30444
24994
1475
19700
47138
32673
9958
6068
16203
35366
22557
40168
13187
17667
2052
1575
41843
31716
1114
34765
39913
39308
13183
16279
13686
36877
27580
25943
719
27688
15934
21485
40298
18788
48010
7952
44358
15897
28750
1497
45784
24692
12081
33530
2819
8230
19366
29676
46302
35733
7542
7259
39283
23025
16861
45374
34029
16477
41442
14958
44689
7995
21972
9566
46440
9747
27974
18852
20214
32859
23236
14641
42276
34335
6172
46541
12675
9606
28332
43827
42586
44108
3333
35044
14620
19666
35971
12791
21137
30980
49087
8875
29447
34868
14722
20385
9620
338
37011
40808
44784
44015
29284
542
16413
1232
3387
27008
33508
16485
35621
44438
45353
16392
10202
11672
19021
41010
19450
24731
32202
3841
37429
7502
45319
22300
23519
1389
12229
46848
14173
44777
33991
41230
44208
18383
34133
35604
18871
14821
44143
39559
35171
19863
17067
39675
37749
20867
30268
26855
34928
29142
15928
15377
17631
39063
36894
2224
22354
186
20065
49838
28551
45123
32154
9979
47729
17531
18494
31809
16850
33600
46682
43586
10825
49386
5289
41282
21057
19465
33905
26825
15667
15204
32533
4890
44514
41676
10313
41821
24526
36600
9365
22719
32906
2697
19092
33770
20919
1351
20415
3180
8116
22090
46278
10168
37624
41652
14574
3103
42029
35482
24614
41628
5511
12475
26613
3404
12161
3329
12884
8454
39893
20780
13253
2745
10423
41463
1841
40720
30438
48598
16150
12009
10239
34753
7771
17131
38651
29312
17049
38314
189
6243
31936
1569
39146
38599
21057
32489
43063
14139
9739
26841
10248
48301
48940
26589
13186
40808
46910
22760
41008
21413
44504
7649
15595
1865
9540
28678
14646
7622
11402
46471
35344
9740
28672
23950
8898
30359
27956
25147
22949
4410
43765
26579
9816
3369
43038
285
26203
12925
40198
7532
35545
47075
39980
104
8346
28124
31866
46003
21729
45530
31882
30366
47183
17919
207
19603
18021
30816
19355
19041
35353
29499
1543
4499
26540
21492
41310
39223
35022
7835
48759
1520
40248
21903
23159
8463
28414
6136
46036
41697
21342
30485
42136
1151
15224
30308
8721
20036
7916
33862
19663
35667
9132
10555
21459
38886
7456
26148
14714
33759
28808
49661
37780
49803
42667
22717
30343
22504
44390
36504
786
18389
18185
24209
9560
41429
48837
21134
8542
44651
19016
38716
33249
20424
4711
25945
41857
931
21161
12384
38845
47439
38320
32328
16540
14461
9505
12580
17969
25132
49011
27128
439
5994
4305
39592
18375
15525
27206
23653
1929
32058
17181
20533
47118
31705
22996
27175
1540
48972
21947
39713
30146
25772
13977
21639
51
13176
7445
42151
19570
24131