5941
5463
6495
5536
1708
9904
2195
3447
5152
1824
1084
4065
8001
2150
9764
6875
3813
8131
2996
27
5825
2647
4313
2998
1029
7931
5126
4713
7499
5560
5295
1749
616
6586
9722
8356
6480
3742
5095
4897
2451
4008
2630
302
7995
986
5132
6849
4114
7374
429
6044
869
7167
8780
4737
7639
9589
3007
6703
431
8172
2439
3865
1789
5488
3573
6138
242
9410
4337
7850
7405
7124
3655
650
1010
3685
9255
546
7633
1996
5324
1578
5227
1830
2905
6016
9694
4878
6548
4145
6454
3995
3587
8299
1865
4266
9221
7333
5772
3202
7602
7181
5944
4603
9679
6971
1682
4014
6899
2988
2606
4812
4979
589
8275
9586
909
4793
4395
4226
782
9485
3195
6703
3651
6121
2679
9542
3182
4328
4947
2281
4868
207
9476
627
395
3366
8607
5802
8807
1217
1163
6475
6727
2348
7232
9304
5755
5297
3635
6702
2625
1668
7759
4522
8172
3399
509
9538
6020
66
1484
5183
7203
9539
7521
8356
1170
381
2112
3527
5356
2278
769
1671
6068
8936
5719
8049
4849
6243
6068
4127
3713
2395
7086
796
7597
9996
4988
5890
4713
9788
9744
940
9376
5774
9912
7204
3596
9512
7516
7962
6863
7019
7873
3698
9764
4010
6805
1803
5551
7288
3845
4574
8260
8423
6047
46
6519
1374
9814
6943
8747
5095
2260
3871
2028
9416
7606
573
179
5498
4038
8038
4289
2989
8013
3613
95
6132
1872
4031
1343
5383
1958
7303
3352
441
5675
7057
770
5244
8021
1858
9785
1089
819
1907
5068
9737
6722
9956
3961
4247
5754
2512
7265
5136
2683
6357
5465
769
2511
5589
594
7235
8575
8073
2256
1384
4710
9327
2534
5463
5414
9674
6199
7122
3417
471
6078
2503
8674
659
4913
9779
1578
6435
7813
6599
7072
2065
6880
4364
2036
7356
3285
9175
4805
3441
5137
7373
7665
1851
9121
2880
7953
5728
6028
8617
5968
258
8540
3717
643
6638
5363
6964
7191
3395
9533
4454
1239
1391
1892
9941
8717
2927
9066
6919
8723
3909
5933
523
7628
8071
1
9750
4260
5725
4254
5331
6238
2350
2963
1446
8147
4990
6215
1818
4011
2503
8710
9412
178
2457
3648
4878
3850
9742
2746
4570
1841
5778
6480
5053
5234
6851
3383
2462
1759
3998
6632
3438
6604
9213
6787
5520
9376
1164
7255
3153
9375
7481
3014
5081
3524
721
3524
7860
575
9730
107
1315
5627
9930
2675
9332
6219
9549
7880
8120
7981
2254
1076
5244
6249
6966
9294
5770
6716
1848
2881
7969
1852
4008
8325
1477
1529
3680
9173
7123
7255
6530
1708
1705
8992
7543
1321
6990
6110
5409
252
5390
5303
1485
9700
7118
2940
6988
3959
6312
2895
316
8857
9473
3314
6716
7457
2908
233
7464
6833
592
8480
1182
9516
384
7941
9051
9528
400
4979
2066
1098
7896
6629
2408
7430
5831
7015
4786
6148
7070
1846
5491
5766
2957
3266
986
9063
486
9113
6493
2632
1055