344
2271
896
3135
9833
4163
5901
1478
1419
2197
1953
6312
1562
7405
4737
1932
8403
2118
5605
4709
6289
451
6278
8726
6546
7430
8808
4908
5768
5164
6570
1777
3100
7445
1976
9342
5771
4686
7269
9708
6553
2796
8303
2340
9633
3753
3088
1589
4251
6485
3976
5664
5298
8713
6190
5232
339
6372
7923
308
4116
1360
9453
8688
5703
9043
4781
8839
1944
9420
1378
4061
7739
7474
7646
2660
8302
8623
6847
6683
180
8095
9304
1657
1943
6974
323
3177
6644
8947
3735
5449
3092
2171
8319
5826
7923
7860
5988
3749
9222
526
9635
9346
4203
712
3511
8835
3360
3060
8749
1937
7223
4783
7926
4921
4728
9665
7933
4563
488
8299
5152
4342
2742
9092
6442
5605
5155
4671
4443
9952
8613
8418
3326
1074
7846
5079
1529
9578
2074
1873
4367
5608
9186
843
7542
6317
2255
7462
1098
304
9357
9392
9642
7285
3052
5348
3178
6631
1295
3423
8930
4636
1488
467
9239
4112
6779
722
3836
3612
7455
9572
8343
9101
9559
1132
7997
1787
3652
1562
5734
2611
3283
1326
1033
6686
7011
8634
687
6822
2244
9715
9459
925
9790
7425
871
5969
8117
8497
660
4696
836
1399
3051
9510
8321
4492
3186
6929
2880
3243
7198
3649
4760
2234
7575
2913
9194
7720
8611
1079
6916
9982
5482
6023
5926
7736
51
1700
600
9083
3420
122
6012
2915
2998
9836
2814
3948
7054
3468
6364
6919
6104
1976
6276
8237
6937
6644
3947
7939
5289
962
2955
5585
2178
73
6109
9213
9755
8919
6955
1823
4205
9436
2041
875
8615
4988
3748
2937
3873
9320
8795
2273
6750
5944
1049
4718
8216
4360
5397
4794
7123
5490
3293
3306
4053
8358
2528
7144
4807
2078
7591
5936
8270
9806
5930
7674
5562
8166
643
5636
8261
5560
4750
6137
5510
6155
8595
5979
6397
774
7767
6301
6959
327
5040
2194
3874
6421
5046
9072
7516
5470
5284
4362
815
3149
777
9660
9906
4326
5374
5651
9980
5023
8956
8602
9047
4779
2743
8116
3851
8007
7167
1300
1438
4136
5777
4497
7639
9399
3613
4132
7073
6625
4395
7989
1115
7599
3870
4436
8671
2823
6359
5737
4361
5971
9224
9052
6128
971
2974
4190
4144
3942
8387
9833
9712
4876
398
4441
1515
3100
4931
7140
8439
5566
149
2442
4899
5133
7929
1275
1541
6895
1355
5405
6564
2740
1095
248
4703
1396
3799
473
1137
6001
7633
9017
2252
3243
8332
7110
4056
5961
7037
4002
2899
8909
3203
2268
1052
3034
9513
6896
3358
8554
9964
6675
6739
5485
728
732
9018
6633
4656
4969
1315
6085
9545
7222
4818
5388
8205
77
1354
5566
2733
7916
4957
5741
2589
6130
3044
3207
2167
2104
6332
6525
3919
784
671
3362
2634
1927
5037
7320
9353
6705
6586
4472
9467
4334
8997
6798
8698
7443
7586
1452
826
5695
5327
8727
6390
7459
8381
6951
6356
9691
2736
4928
4940
7045
2174
465