2359
42987
23165
17271
37042
5222
17047
10126
29670
49203
886
46581
36075
12197
23016
9459
27765
26748
48623
28530
27578
15886
26747
16866
49255
22811
38469
8953
27261
15818
38376
8004
34842
30033
4768
19653
49229
22278
20160
13482
28636
16072
12179
18952
6368
778
14012
20649
7807
27045
26788
39090
34857
30797
2751
38792
46394
28165
47063
39201
9510
31528
17769
8232
44206
15894
5645
43451
31967
34829
32298
47071
31227
35615
28578
12692
21038
29108
49649
14594
13454
16248
35672
36466
39522
48663
942
14823
39134
27090
30323
42636
22900
5028
44547
9308
31009
31356
8761
46089
1336
31565
48145
40675
28400
38858
35110
45807
37854
23635
30481
29354
42730
36957
12911
6161
7706
30890
29403
8456
37543
2455
20947
13773
3259
46749
8016
12332
40652
990
43003
8109
33128
23624
34215
6710
25636
18751
29388
22819
3201
14934
29522
14065
27865
12632
27228
31116
29613
4916
3797
37824
29577
3727
35665
21957
16514
14914
22420
38774
32723
34415
24398
3210
46240
10467
29047
8596
34506
23888
33733
13947
6196
33783
49707
42125
27565
46337
28249
45361
33281
2986
3709
47154
7576
258
10010
30560
1468
14796
2750
36913
15540
13173
25118
36986
39033
35413
49035
20756
11662
36124
29311
7157
40402
13969
18154
21691
30796
5282
14988
18008
44327
36934
3061
26580
25642
23663
688
2613
26436
40463
25931
42789
13058
5741
2833
35643
11166
11974
26212
9414
9280
36882
44401
12985
26851
42703
21409
32682
10844
48048
17364
36421
3810
20021
31950
5004
47203
46440
988
47706
4350
41694
47354
42345
5385
17053
13515
26956
38864
48685
16525
38876
46460
25623
36944
28681
3239
48385
36814
16564
17212
33765
26347
21496
13361
4077
35166
5924
33543
6800
25476
31701
20464
33737
31071
49083
10423
3478
33345
21137
15864
39522
43021
28024
2765
10588
13596
730
24886
23898
18519
36827
29278
3851
19809
33294
23410
15775
4379
12254
46559
37288
26764
16802
33709
35541
23750
39875
21699
28906
32756
23162
8258
15889
30036
25974
27398
34611
21743
20530
38126
20824
46149
1710
16197
10252
21202
17955
25287
47305
19680
41736
42181
25314
20034
44846
47067
35024
14109
27727
19002
47024
15993
32905
25618
36181
41533
30195
37136
5670
12068
30007
8940
25197
35692
17502
38322
34295
46714
24845
33494
28609
34584
34208
32291
29888
20990
44157
17193
26995
36983
9428
39581
22742
25008
3115
18990
22686
2534
9146
17149
9929
35469
8529
36396
19555
21764
27422
15623
49368
37756
44121
35373
764
33288
9487
20122
5908
10604
5694
36722
33923
21918
32485
22186
8827
41500
22891
31456
39455
33593
34689
3056
13271
38124
45375
41207
15530
36642
28676
27987
21631
4452
26590
8494
21042
49076
19304
44640
45146
24947
25086
26682
15739
40088
8724
36419
26955
358
48484
42077
32179
38513
18201
8392
39385
9540
15253
21144
25788
11905
2028
32706
49829
14392
32914
4441
7350
24489
6421
28596
17152
19756
5785
40010
38133
12370
4582
34214
6228
17131
38544
16504
16654
32334
30682
16196
28047
19801
44672
27481
36228
41074
33999
32143
23035
42665
14508
6698
16863
4692
7725
29162
23124
28003
41546
43103
5115
3676
41010
45327
40232
13215
3457
48387
28334
21021
14113
4772
45294
39221
670
47381
23787
47197
19442
10424
40536
30481
16273
46548
21547
10623
5631
37112
35235
1142
40891
49107
7413
6133
42472
12820
15162
32895
28846
21771
11189
20927
17655
10095
46698
33026
35524
17480
6749
16034
8965
17798
9560
35846
28196
26662
31980
17493
28541
33614
37523
9499
28877
44268
34619
44499
6317
19809
19831
6980
40532
31378
37218
29957
41707
1982
45668
35474
881
49348
21237
35016
25922
20232
35096
22928
13478
48059
6453
20948
12342
7496
12820
41381
40575
27121
17835
36875
6242
24141
4473
26133
23632
41276
49620
7555
22028
16722
15518
14814
41009
41883
44003
23579
29862
38010
33760
26335
23279
47137
28007
19297
42698
46469
20151
43326
24557
33563
9759
14580
49146
37211
33726
44041
22848
649
1275
14507
14434
11478
8113
42077
9688
314
12555
46066
4950
33010
46444
19201
32687
31956
9707
36079
12076
45079
48432
35572
21831
43685
19445
43038
29226
17160
10993
15861
9809
45496
34370
28077
25201
33504
5332
5757
3025
31989
12132
12559
24992
19415
48956
9164
13950
1007
45310
6308
38046
31251
39247
38884
8070
40328
1622
17179
28266
35281
10339
32448
30096
28458
28051
14484
44661
32099
18644
45412
47113
37791
46652
29929
45110
14101
41650
49193
19981
34604
27736
47444
20209
22035
2449
43128
31874
3398
28834
16969
49217
36351
20792
49124
11724
45735
45889
28619
25953
25826
46399
11965
24474
3939
43888
40310
39196
26252
34226
31291
37471
16386
30732
23630
46058
13201
9662
44318
20450
15808
17251
8887
4505
18838
21172
42947
44481
37364
42031
43270
3644
36073
19944
20942
894
40532
16030
30773
41785
5976
32724
34992
20202
5955
36398
30102
18532
29589
39363
4404
22202
13343
38081
1227
8613
49463
48711
8687
32478
10858
33182
25518
27380
21264
28189
18414
17971
210
27955
23468
26398
19685
49129
12332
48743
24122
33710
1339
15279
15202
9639
21227
32879
42029
9170
37633
48608
47359
33749
24085
26326
4017
1854
44248
20737
41724
9397
40966
17456
39952
49991
25646
4074
40693
616
26058
36844
19146
26400
16933
825
46271
16795
47204
4387
10644
60
33136
23889
42439
27434
34150
43246
2537
16497
43791
31491
39361
29801
30990
42470
10518
23212
13473
25566
26526
12152
29774
2798
6527
33439
47267
8155
30179
28142
36985
13548
19114
18816
8156
18409
31653
7204
38008
3479
15683
19084
29592
6625
42
766
43204
6064
37665
24916
22975
8145
1170
30245
15649
36520
34444
8088
668
43379
44714
41466
29236
19360
43277
15326
43733
35244
2801
8385
44707
3328
3285
1270
39422
20781
2268
17444
29561
8105
39489
17752
8889
37608
25345
34559
20189
47187
29992
33276
21546
17486
17812
20474
49084
2263
11423
10827
6913
33268
9781
3775
25027
15127
32992
4785
20005
8444
25041
25327
22657
2307
33557
37330
20186
39062
37439
38480
36727
43672
39315
24035
2504
25494
14919
6750
33819
17448
43607
4145
2393
30814
13875
18969
20530
41323
27551
10837
28686
30119
36506
11081
182
29606
47502
22974
40543
24348
34128
42625
13082
48436
42189
37632
27784
43100
17162
26081
41516
40756
45378
26101
37700
15616
29494
1182
11578
11416
29759
46536
8137
34143
34439
47272
45135
15954
43069
18186
30517
5028
37227
21350
34189
42916
42890
1776
49882
20683
19409
30440
37129
45270
48390
43602
21839
32491
37078
15465
473
42132
33444
4826
17216
26548
42808
39291
27195
41574
37570
40130
27328
9020
45724
21194
29275
1352
24726
8756
37588
48054
28796
48864
33356
5114
33396
9497
14765
26290
30808
11345
4738
47903
8812
1426
47625
16667
34290
38917
43023
1689
40450
33323
39499
47563
16469
30183
34617
14635
15557
4604
29254
39956
3709
18310
49845
18348
44511
49031
15866
13365
27350
21348
41307
13963
13936
49505
47489
18996
32071
45235
34667
37282
5943
28576
33929
1276
7970
39540
42344
22468
47888
1418
23224
6497
24402
20390
8622
14020
17940
30979
3701
33858
5229
3546
40260
17381
4569
36900
7071
44510
289
36108
31325
31686
17617
12631
27440
13776
47236
35016
26230
45805
11425
16600
24325
8908
33884
5646
30078
21544
22448
5958
19077
31525
23521
40967
7337
38346
14884
48362
20476
34612
6214
41792
12639
10074
37163
22649
18927
32622
21208
5188
325
46751
171
9853
38249
21731
46634
32830
47609
44844
47609
18411
39942
11319
35906
12700
33751
35011
13117
33573
16371
42484
7237
16778
14738
49026
33716
35693
48462
16219
32726
8910
25449
44277
32902
2542
19336
38229
8028
24532
13808
42516
37618
32642
40970
21360
8862
10465
8104
26681
37956
40969
14366
38698
1190
17693
28953
21633
11566
11021
3162
34708
40645
23162
31481
12929
17713
23934
6241
15363
13256
4881
23909
39336
21652
31950
3575
41031
28024
38520
38831
3633
5971
30031
45002
15436
29740
30348
1766
9358
44811
46831
45599
49137
23985
45006
9623
44581
34700
12349
1700
39443
29114
9911
6231
33023
31872
36268
32832
27917
6292
25645
27681
30187
13086
22577
49158
22738
19388
45359
5884
903
26019
31487
20880
14415
9177
26273
47263
10035
16650
22150
28332
15491
10356
24306
2535
49747
38183
34069
32179
32524
47717
24554
46907
5637
10429
28772
22095
45064
1309
33264
21273
26427
7571
49048
25641
14065
49482
25294
33379
37089
46880
49218
242
28304
23991
17413
18173
3421
3570
2158
28551
42877
5810
24592
909
9920
11138
33403
31109
18364
41693
18778
48681
13523
29455
4255
42787
43702
35855
44228
37165
49956
32163
49559
31937
24899
32758
9241
20377
40619
33391
19511
44141
4913
44850
40484
46281
33481
2232
33376
39566
41184
46944
21499
2658
45012
7286
36115
32901
10960
2649
48399
38087
1159
27656
24849
25348
16356
44004
2195
26830
41633
6561
22431
11937
8725
36534
1990
27977
18209
44186
234
49689
37169
36435
10310
238
4813
6425
29181
49594
27293
16380
12259
8499
19788
20353
6147
15940
31707
4198
19794
4937
26239
12039
46728
47824
42033
30783
20065
30921
17159
15586
12533
7837
39367
19546
31483
3121
18099
16309
46690
36947
33144
20448
5634
17023
35096
31515
35524
46287
13417
47798
12565
49050
35472
47533
12181
43486
19748
19004
22434
20735
30682
43339
22669
34015
32280
7179
49576
34033
1824
44235
30398
21335
2103
36010
1124
46669
29417
39351
24655
40174
25972
37990
1037
38670
15251
28028
6738
5514
44068
30528
13526
29252
32235
19876
28437
25873
13704
28146
13849
10759
4124
46779
20352
8987
25889
17979
23740
12714
34399
33433
4546
21288
49177
49614
41214
45405
35837
18375
28969
8809
27309
17580
36588
2705
9443
1912
5761
1772
27931
14498
3528
9167
33075
35909
17524
37260
1619
23516
29993
44854
40300
17520
34662
22563
16147
21861
48382
31952
21528
9554
189
14019
33403
31868
5126
5934
23234
32181
48548
1699
1998
11207
21875
8340
49215
3186
43156
28480
48349
45644
42452
17129
16717
5761
49466
36351
29971
42709
44112
17346
37035
25984
2657
26101
2232
5457
43029
16844
27098
27948
17729
20224
40092
30644
49039
23445
47335
39817
29039
11955
4252
1137
23592
14278
3600
20179
42658
14125
29049
153
20543
17877
31747
21612
41468
47992
40430
8680
3792
13056
40064
8548
708
5067
14903
7778
2995
5410
33185
30418
40200
22575
22623
17550
12469
19053
24648
36171
44323
21313
12618
14262
6415
16177
14785
9324
13935
36238
41489
22046
47821
11825
660
42856
39845
7320
32883
38458
34831
5852
14577
43155
14802
27382
27375
36640
39164
25864
6410
21683
45666
45237
23032
43597
1883
38222
16096
11288
17222
47356
19107
43185
35985
18638
45761
22527
27751
9011
1331
10129
7298
24449
26822
29699
30077
35398
24285
22631
48200
26875
29013
25715
27541
7952
44250
38073
35160
18402
37428
48137
46751
27056
10328
8553
38367
37740
6779
14884
48717
35715
29676
22676
7335
29142
2900
29975
25744
21651
42200
6906
7387
10498
10442
47856
17076
11254
10596
10186
45888
8400
3641
19214
6135
3503
32970
37973
17756
3153
17023
18033
21049
46750
3578
8548
8415
48220
1552
3829
23775
23275
16343
45612
26350
9353
37402
12422
34437
19015
41817
32399
31141
14398
41156
1564
31882
41099
35317
36047
43235
36463
46349
25655
16945
18657
11350
1755
12370
43557
40839
4984
45141
22590
30109
42708
41406
31770
33783
26194
13818
47014
14932
15343
21984
3591
49580
37441
32939
40011
16245
10345
48024
1227
33964
603
44159
2870
185
22440
27189
38391
20831
35288
17046
26284
36237
39905
16723
21899
37203
13077
39411
24528
21567
35692
20012
2758
12516
14327
39676
136
2237
37999
26038
38034
28372
45387
21252
47183
393
48892
41031
8504
27579
31022
500
40851
14679
1415
31186
6958
20756
28545
9471
12079
30607
47981
39293
48066
17400
12093
11602
7460
8569
6865
27659
25425
30385
13944
35165
26601
22494
12095
8718
10970
39022
48678
9750
49614
11807
20341
46078
49315
42154
43473
22725
30547
17532
26406
41373
27241
26977
36773
27533
48507
29777
12049
30067
29901
31393
41723
44821
18648
34688
3475
22589
13922
8203
19506
10402
11416
13204
12669
37325
29285
42458
47415
14587
32860
12537
12951
48885
33428
10732
21166
49759
1249
6668
17171
7586
859
3389
25837
23009
16795
39293
18238
10309
35412
29395
12172
31540
4929
40837
22318
34742
28887
19144
32552
32995
1989
24017
8082
48899
8344
28096
15639
41518
7745
1758
7174
47443
30281
48941
28964
26507
13707
21777
15605
4885
42913
45911
8836
29259
39662
16338
16007
28912
12012
22266
10460
42413
18132
11113
9271
43761
39239
15290
40036
29253
15068
24109
40323
12517
13443
9253
37131
46629
44825
21315
12753
21381
39792
47535
533
23884
19978
4196
42562
11441
20460
2963
33808
16770
6703
47005
26543
5931
13730
12031
15975
46457
29918
111
5719
23144
24669
13880
20129
18672
49132
8970
4194
47586
43404
47171
10832
45769
14936
20603
13232
8481
15000
28196
22590
30413
34279
5685
45388
15302
19010
12710
30902
221
49991
24421
33963
38098
48952
9661
45551
18983
11076
19495
46190
5081
34521
35646
20265
16894
18184
33182
28500
48024
1331
37576
22719
45295
29631
28229
27726
7726
37565
603
48469
2357
31673
19503
1052
27407
44645
25572
24482
16062
36781
26333
5768
47837
36752
5620
27224
8577
8318
17278
34760
28716
26688
38669
21163
16436
14031
39494
44650
28905
49791
46573
16877
24552
22445
3996
15493
37726
27285
14945
20012
33150
49583
15085
16714
7780
29655
1329
45035
33006
19083
33466
46280
26379
29536
38188
26751
35155
10086
8924
24102
37477
5787
10969
15496
1939
24036
13859
37465
48256
5627
15372
32762
44470
14016
31017
19788
43507
39574
35275
18937
21405
2910
40815
33919
39511
30660
26234
13197
5663
49818
26758
30832
26321
1680
9446
12481
10111
46632
18303
11787
29192
34386
43681
17625
41392
11176
19472
41648
2650
35482
4126
8763
30899
25876
6729
48259
47531
23213
34835
1534
7787
35005
2922
3092
45188
39647
24772
45585
48540
37809
30333
33644
18057
1800
40154
42082
14225
31108
860
42806
40101
47737
44716
40656
14407
9366
2839
741
5253
21591
18850
3835
18196
7770
18562
2165
26071
38950
32195
7947
18131
23625
7832
21555
45763
28704
17062
17980
9628
27039
29793
39336
43108
39002
47913
4314
46961
24886
47014
46759
4131
16919
46332
45303
40570
40768
22713
31517
631
8112
7179
42633
23821
1456
27616
5482
39012
14868
571
40056
8711
45556
15396
6888
18470
17333
18632
49800
23723
25505
15374
46929
43984
46972
11553
46662
9121
28974
46525
12566
44324
1318
6651
15951
5784
39489
38896
16385
29817
46131
42090
30071
19096
37050
8716
32865
6497
25811
8613
15634
16633
41606
27732
15449
2720
43462
32895
7308
29684
12293
29589
46038
2404
31432
42370
47604
1900
26998
49749
36061
2815
8533
2232
7606
24626
36774
28497
3746
14546
21540
36488
13648
32366
36608
39746
359
4847
30334
6271
27542
7048
39803
40282
6641
20878
28499
46679
13072
9905
35184
6250
37012
5864
1669
5445
11556
20793
40947
33609
33405
15544
46860
17709
47863
42456
25915
10619
19457
28606
45425
28610
12747
4829
29011
27057
24855
38701
25450
41609
18520
40345
48221
14841
40129
25688
45513
32590
32808
4433
22553
7602
18126
11523
37917
14432
30981
45238
49989
7757
13289
35137
37542
36190
9133
2413
25149
13987
38938
18390
27760
28578
8556
46330
16560
36093
34782
46898
13371
33159
36828
45858
13679
34262
28912
40313
20388
32986
14745
14498
17171
37051
45864
4239
20734
26828
12741
37420
49337
35282
40936
24677
22001
505
15847
34296
36545
25651
20851
28541
47384
26560
49157
36754
15843
14433
21326
31093
1875
4457
10614
30782
89
23086
25631
1071
12991
26013
16644
36433
3225
768
35147
29258
9627
1689
18625
39205
37356
48751
38678
13728
24089
10035
27335
10864
159
37605
40136
40429
25093
7513
31698
22544
20294
13400
9876
32662
26754
16435
26453
37824
23723
7336
27125
41641
49537
39899
28632
44896
17620
37357
744
48542
35420
24889
44473
46274
17930
15732
26684
17843
12038
17392
11507
26041
19848
1685
28503
3669
22781
28347
39207
38979
6578
13310
38755
23011
34364
18422
37327
32752
41589
13647
22310
20265
11371
25943
28084
48898
32058
5151
40014
49805
24013
47583
1724
12037
40454
22183
19569
8100
13334
16426
41445
41122
27659
20191
40296
23356
36930
3
6107
26845
44971
12725
12274
31188
8913
5049
33026
9728
8686
44462
31462
19876
9864
6368
11241
40796
39145
9500
32149
23115
34425
13160
393
42329
29446
35248
42113
20285
27263
36363
45228
13694
26869
29316
22384
40095
10467
48483
10484
9472
38809
4066
36063
14794
2728
24174
28997
29828
14704
1737
38729
44615
31997
8279
15533
30210
11302
14208
9014
3001
21017
38750
576
549
5565
29780
35456
26026
7292
6082
45103
27357
43014
30215
19562
15743
12591
29229
26457
47347
38895
28260
20491
46600
44486
19981
1775
36388
26370
47192
42535
11686
30131
39615
14702
6394
25216
198
37133
8126
25697
20587
39287
22065
41746
45091
38296
49599
27531
9437
25023
3649
36735
11009
30982
11655
3199
30772
43956
27657
22488
42583
49244
47755
31094
15070
13555
12933
31575
14690
13068
46639
6467
33017
23638
36350
5708
25880
44728
41457
25290
29344
26066
9392
48355
19197
43473
44216
4426
5857
37834
16789
30311
1919
23998
45412
45743
42963
42114
36214
49452
17324
47638
19344
9852
25990
29317
6226
6724
29562
34415
30903
47084
24347
5293
13005
18232
21433
7726
602
1162
9878
1753
27250
14055
4381
11261
42988
3131
36080
38963
4323
7043
48344
9914
39300
43844
7542
29306
46943
45932
1864
32439
39717
34794
32628
19593
34402
8327
39367
32461
49100
37817
26270
16304
36162
9870
21116
3292
47366
35117
26870
47030
38584
15600
9937
13984
40990
39268
17658
22764
44096
23112
47721
1404
31751
39553
30499
39351
25345
45695
25727
19552
35870
3199
48619
43575
18881
15808
45524
25192
7273
13876
28412
27983
20064
33031
31676
7261
39537
10822
49928
28784
11387
46673
40584
10300
25110
2320
49805
2962
45066
43910
18845
15111
5676
10863
7177
14406
6873
31812
37469
34561
24690
33210
20900
37423
4594
38121
21020
26238
24728
18614
27666
12091
23611
21439
26684
1629
27453
4690
32132
982
3315
17276
23879
46635
49474
47892
32175
47506
17911
4129
18442
42171
40656
27368
6204
27060
6406
42354
31302
4172
418
49638
37314
40642
36010
35370
39813
13469
2177
8322
48441
32543
31583
6276
2379
16569
12369
38051
8311
16877
26972
17999
12851
32156
36893
27437
26529
29333
37996
33943
29962
33050
36327
4158
14721
1179
16412
3674
48061
522
1360
15046
20819
6987
12033
18655
14358
39584
48262
13497
16004
14436
2631
25995
40202
8665
6931
27094
39553
42702
18260
4751
34960
13928
19271
4220
8864
6044
30782
40170
18111
33126
32032
18218
4213
1697
10092
12810
27282
29076
348
31064
29299
18119
46078
46751
25089
33695
9096
38308
9845
45550
29380
18704
12919
26651
35877
47276
41507
35679
33324
20257
44449
36328
34476
25985
43861
7609
43816
23751
23703
21968
31986
19818
25309
49837
5388
6783
9614
7326
40390
18646
17414
2444
18061
18352
37024
11033
28972
22137
43632
21201
29932
2166
27936
23708
32327
27868
27962
41007
25466
11139
29892
12944
851
17354
40599
19189
28800
40868
45420
15343
42095
33120
13354
12872
45384
27859
42746
41509
46133
43100
44363
28503
7900
21696
2397
20738
48472
883
22777
33734
33607
14890
23693
1183
22493
13269
17708
28856
3921
41159
35815
42674
27865
23465
7617
49056
42851
43297
20815
49130
5749
21667
12712
25839
43094
15291
31840
9970
28237
11857
34435
23308
31374
33957
27611
47018
7203
49662
12484
42810
48088
29967
36425
27933
33023
35751
31361
37
33477
49895
14239
31827
17459
11612
45862
32986
30582
49956
43964
9522
25577
5183
32827
48344
391
26979
20052
45187
46138
2082
43440
2481
46305
25251
31586
26343
49926
12397
38426
20935
691
48897
7475
46710
30999
38781
40399
10231
39350
6079
13011
39010
46203
26496
14508
23577
5895
40772
42743
38578
8572
39231
24694
31538
10830
7659
47563
40468
44165
41863
4103
13408
29789
13114
32286
4669
25895
48290
22632
37475
49878
44003
11403
29643
16766
22822
42435
5164
45868
4730
39731
12190
33369
700
33937
8020
35515
18636
5013
36371
45436
2484
38597
9510
37394
44232
43318
38202
43238
6936
47319
3976
46638
34134
8502
24392
28066
34115
27546
45954
33134
18300
39802
8621
41131
33226
8219
41115
15623
22829
30729
12364
19174
33623
16393
32499
42857
17562
49346
38028
11647
46700
20248
7902
40399
11551
15186
3827
36118
13802
15266
11003
28621
1263
36882
37054
33765
17905
37319
39090
43179
11751
46336
13048
9943
30477
21206
40054
38530
34795
48139
36525
27886
29135
17184
15318
12003
18543
30846
38557
34096
27913
3488
48571
16939
25094
6258
1911
13710
33758
3979
41154
9134
17234
15906
12647
25951
29498
24044
31812
41874
19920
17211
11282
39080
31613
36370
35558
30472
8511
14352
20270
32864
48831
31477
33103
25690
28081
40712
29167
40895
47185
19152
16147
35293
31929
43100
31375
17918
15999
39416
44818
2661
31357
33514
18717
20396
38072
29005
38940
15432
10160
33139
36264
45398
35889
46638
39190
32664
35264
7655
4644
37938
27170
16768
34950
23956
7822
43639
19539
31927
13527
48766
10931
1482
27867
44698
22331
24462
48567
17010
42141
27732
34472
287
18606
38335
38470
44536
36584
35927
10339
1236
15502
4550
10181
14033
27062
40472
48335
14276
3428
27774
21007
6110
49638
39041
7101
27278
35842
20843
24811
35627
3483
4062
8137
26165
4227
22245
2411
7480
30215
46142
37167
20784
13728
4013
2009
24497
36368
31497
17842
47152
49796
8686
13625
10904
30697
20367
47226
47543
16841
27129
13167
11810
3441
36187
9655
29968
29947
47282
17202
8206
49532
15575
19213
14431
32552
34065
39141
37570
35971
43628
43078
39830
36344
40321
49963
2313
48270
16503
48828
4158
33857
19456
27640
12175
19049
49863
22004
39382
21025
8414
44676
37940
1615
24053
14358
49141
21395
4603
43665
28397
33369
43247
37094
31851
10652
19379
41811
38449
6710
8455
489
9042
25821
44183
21227
15074
4410
37609
36283
11117
46898
32602
38693
35798
24073
45469
5258
2896
43808
15297
5844
20968
19954
49056
46376
38015
12890
4330
10314
3768
5413
40457
19449
49329
36316
32820
44772
8188
41235
12621
12552
42027
21262
25976
6990
48139
41934
30995
38558
8317
24553
9146
12558
7593
46204
10235
30196
34485
15725
24607
20570
10928
26636
34309
24360
47507
21658
19452
31803
15640
32013
19185
29057
21957
36879
36234
9308
11778
39247
35415
22315
39059
13449
40182
43323
9306
33224
47218
9489
26887
33087
13738
46795
23930
32815
36941
15234
5304
15217
32881
28775
45462
29406
33187
43921
3747
47156
38314
6700
49298
12193
13859
38561
49480
6995
48919
33909
48008
36808
37079
7759
33369
13934
40897
18261
17666
34498
26733
25462
21794
14418
48131
8739
48917
4451
27519
6230
36249
31357
9590
12069
10020
31840
13718
32636
36655
40916
39504
4354
18597
27404
5195
40210
47414
23607
35456
21083
27246
19519
46693
5214
5195
30641
12996
2329
10047
40210
35400
17446
8512
16793
39943
35503
39488
25961
39189
34376
36067
14834
7746
25306
32966
43620
47022
44211
41984
18278
6000
10244
22545
36438
28120
48733
16168
28308
19557
26696
36920
7629
8539
42767
37131
14578
8633
13536
615
32923
1786
15521
44262
30421
513
4258
45509
2217
16416
8896
275
13283
7279
30094
38308
21454
35318
48963
45215
17882
35309
40221
39676
12300
25503
38479
34583
23344
49340
41502
27102
14758
17079
16065
1780
26027
28659
15824
42432
47942
5723
12924
48806
5609
23353
9405
28822
13280
48269
43504
7922
26945
32013
39655
553
24231
26031
35127
920
30003
35365
43394
43404
11558
49716
5996
13019
1262
23147
3867
16841
8982
48618
4680
33301
19774
25701
10694
40253
40819
16804
49541
33569
26654
25830
44128
31212
26931
21015
26926
23879
24104
9446
45655
19014
22830
16419
41096
49733
4309
21118
45933
34417
10899
21344
37904
30367
15667
47595
43118
17826
49345
48320
9900
6607
46734
32262
5431
32731
36432
16988
16623
4007
29479
21353
13800
27347
22336
35708
44917
4565
28048
18564
21080
12910
38607
23101
17423
23386
45519
28253
5242
13218
21452
41181
47404
19382
26310
12247
45519
13082
43630
20789
7360
17732
6586
14292
4096
21311
27251
48509
15262
35778
27221
16668
8495
10633
21564
23023
3031
888
48337
36440
33853
2632
47701
8907
40460
9651
174
28166
17179
46819
44083
40927
31780
25264
42011
22522
4840
21420
19724
16438
6211
27971
27844
38635
45881
34244
17841
38975
13203
24445
15965
31071
36228
41057
4004
18864
32758
43696
10922
44340
39174
40713
618
47900
3630
21027
43076
3884
625
42507
9461
46133
14852
4628
7248
39548
26170
44175
14872
15906
5581
21359
39307
31124
20581
30270
11124
14104
17776
15866
38262
47654
21092
28517
39766
27787
30946
6082
40672
13283
33346
25545
48095
14283
4257
8095
47631
28275
29973
35676
34267
16560
4839
25639
7862
45186
11042
43068
9688
47271
20606
33060
8121
40561
49701
41120
44678
20998
46026
45593
40152
4263
29433
44693
10765
43676
12636
11231
25076
3567
5935
24313
7329
4777
16897
32698
42696
16185
13929
10711
46502
26413
33944
43433
23211
6055
6024
45376
7503
46949
40378
47342
20568
34469
29148
3834
15955
29468
1522
347
38924
29637
4697
30363
34151
26169
11400
3330
25238
5902
34421
6239
45001
42741
41833
24841
14252
31512
29133
3999
46582
17450
4351
40206
382
45725
4595
46409
29503
38667
32703
24399
14069
22620
18754
4330
19616
37262
117
38734
39608
3393
45969
26252
41349
44393
36046
46756
44088
43649
17669
43478
31151
7581
11136
49362
45585
33219
47298
9654
27181
39237
38759
24095
5015
21546
38734
27666
27177
31897
44964
21253
32908
31811
49518
23077
10280
3858
28742
39655
6179
27216
9987
19027
10652
1535
29
41475
6797
3878
17397
11607
3194
28466
34809
1194
41293
15612
11625
18972
43471
37917
47675
18438
9503
46466
8072
29337
43952
13483
3623
37638
31245
40814
18635
5119
43280
31569
14106
29422
6773
41483
16108
2357
34428
16234
2939
1296
34002
12207
29708
17040
44086
34535
6375
16763
44578
45300
38362
32220
15867
1391
1659
2911
28737
23883
24070
48686
43562
1266
6665
9972
27105
20309
8029
17902
39432
19120
42653
33285
4413
246
23832
18861
36981
6416
22367
7101
43024
33784
30389
31110
42447
35621
6867
45780
22555
26910
49500
23381
4382
36145
29875
11895
365
36326
22726
32773
20244
44377
42658
21650
29690
37013
44632
5141
44139
10809
33815
27987
3684
27788
45955
38130
8158
33252
20042
32856
43376
15378
18669
12277
26583
9772
47885
18530
1350
30854
24320
9818
16137
11376
34809
6139
42739
37253
44356
24613
23468
23692
38518
35320
30692
30850
19855
1837
40911
38239
38892
15504
31036
23240
38331
32117
37893
3702
32516
25082
39072
10114
34497
47725
25418
38945
32435
15506
26255
1447
26865
6074
23012
24342
22266
30325
25908
36473
31228
21626
13163
20163
38112
25669
1323
40464
9987
4150
33205
19543
38496
32616
26435
16284
8195
29601
3913
33893
23870
40876
26445
9679
14393
31327
43110
23245
40635
9906
14697
35209
34763
14218
16803
6122
32350
39147
11695
45929
43328
34068
26107
2751
39571
36931
24459
32572
48134
23180
3527
7234
18320
23744
27628
7011
45380
14605
13283
42229
31248
31640
8642
9524
26097
11692
29258
18484
27412
28998
1185
7612
38923
12781
2167
34788
36066
46704
10256
6172
43095
4064
34931
29015
24791
42528
41823
9265
28859
20884
34898
29037
41586
19763
2660
49684
6602
37636
8868
19809
19565
43919
18604
15862
15375
31292
46247
13676
43132
21991
46067
37767
45659
33398
45995
22068
45656
7013
44065
12087
10064
16329
30853
10587
29636
37707
37748
42777
17236
49135
48360
12853
17301
20843
42510
44082
47558
5074
30015
512
35475
9111
49908
44260
34225
10916
20743
13687
15326
4204
19109
4369
6080
9115
5723
11545
40472
15524
27570
5954
44732
12734
40141
43319
18055
45469
36970
20863
38519
7049
39306
13146
20060
34597
4284
27051
19913
27440
42044
10025
37494
12078
37134
1575
8211
46668
11561
32451
36541
34427
35768
20859
44600
30435
47216
25276
3667
11608
20501
4314
17721
2290
10229
9479
18634
13313
11333
23707
46337
24648
13313
7001
32222
38849
36971
17364
13181
29842
46863
14050
2841
7483
1212
8811
31992
3858
21634
19548
17076
35862
23547
26213
1472
19335
5191
48902
469
41606
48312
49646
9959
6531
7148
40101
18760
9101
41561
39444
48935
32352
1565
13487
5214
2035
20156
11928
44440
47238
21225
9157
40675
4795
2304
9311
47327
24865
18503
24485
27934
45995
47015
23136
23251
22079
26075
9734
38182
45132
14123
46260
11036
39809
40369
12369
48372
17744
29838
3855
2216
26881
35955
36998
7061
41199
19928
17638
12109
23364
2877
10762
34564
39780
32493
11180
18571
5379
16891
36537
25304
3313
506
28272
8659
31279
43834
6429
24745
42461
33293
36424
45826
14135
39327
30470
39340
810
16070
41187
21279
26448
16490
38513
7933
26658
2827
20922
40819
37642
29038
12616
17055
48472
25537
2367
32404
4299
47476
7317
11522
1767
4139
20680
18045
11406
19266
40774
21625
5609
37791
49775
3000
40195
49763
28898
40455
35848
46278
23946
22467
35200
10170
23517
46569
10528
21714
7293
44078
37530
26446
11662
28677
14258
15086
24224
27130
5894
30594
8198
26783
32243
13269
19447
47627
1649
46062
49383
47441
40446
38793
3098
2567
11094
27827
36673
24001
25303
6514
4401
28600
48311
41277
19816
27288
13322
44703
31916
19798
23760
15101
21608
31906
2296
8830
36766
43918
39667
36290
17907
20337
10996
13170
35870
3563
34991
29950
14419
4071
17692
17023
14726
49173
20980
21666
41223
28780
44710
2328
47075
43507
37320
20790
32054
6476
18882
1983
15836
21990
18883
40421
5359
6968
7638
14186
2053
7571
23988
27205
38456
37313
22227
32059
35545
8785
55
4014
23817
19363
24214
36260
47198
47481
23551
25525
6260
30733
34834
11846
30635
12113
32284
39144
43559
627
44773
8167
29561
7145
22971
45046
35270
25265
35535
46139
13742
42582
36148
28187
17940
45326
3805
47918
34660
46360
1444
26532
21537
36979
17662
14561
33010
15794
32636
46877
7213
6389
45883
47876
31792
2530
17197
1446
49346
32156
12249
12691
9040
13690
43099
39145
39837
26243
45978
16175
26146
14088
39646
46204
14949
38037
5060
27668
7319
6249
5197
28874
32251
2887
33230
25271
11663
6492
47998
41815
44843
39248
37733
33962
40267
1326
18509
39489
15604
6019
26336
27749
16862
40676
46222
4306
12854
28833
44340
5308
791
4812
24326
47015
2140
22194
36534
21050
46093
46063
1085
26447
2206
6033
45779
9428
29817
6283
2228
15497
11780
21643
10607
49864
27504
6478
42408
5716
35829
15741
4412
2986
18684
39644
38718
34661
31293
36464
13090