4735
9983
3722
2389
3496
1077
197
258
5795
185
6728
6984
3405
6327
2778
3373
7185
5263
1504
8890
4530
7304
9763
8414
6394
3000
6957
378
4099
5277
4135
458
4017
2267
7194
4189
99
3206
1115
3173
4506
2109
9513
9174
5085
7937
2844
541
162
9491
5631
3066
9611
6140
9273
3363
4547
4572
2101
2187
4533
9398
8636
8918
3329
3986
7960
6949
9787
7107
9196
3271
5801
1987
3950
1942
4664
2032
8930
5988
8383
2093
5460
831
894
7345
7607
1828
2952
9944
8013
7062
6247
8169
5147
6327
1000
6745
795
5257
2897
2888
880
1437
1937
2921
5207
1122
9897
6391
4795
5977
8447
5573
3427
9004
6021
2339
7877
194
5705
6949
5536
6335
3915
1885
310
7839
4571
1963
6001
9913
4616
3816
4051
3819
1569
340
6531
5448
489
1415
3432
1674
4928
2540
7001
4684
9182
8277
5953
2600
7010
2141
9176
5655
5526
8922
9543
3775
9461
8888
6147
5609
5658
7416
5742
6998
7528
1648
4276
4693
9891
6356
918
3182
5644
2588
8102
4569
4998
2762
3900
1232
6339
2937
4431
8130
1494
3210
45
8826
330
2848
8496
5452
5249
2943
8983
689
2593
7323
4487
6677
8919
4291
1766
139
3312
9562
6100
8909
8567
2022
2249
4400
6218
4817
8120
6562
2152
6523
6460
8477
8557
5349
2607
931
3262
3202
5642
5844
9758
3697
9324
3770
6649
127
3587
6929
3232
7591
9540
4407
2497
3198
4944
9062
371
7337
8677
7942
1967
4834
7359
2622
1597
1952
9123
9471
3950
3266
2500
5368
2562
2854
8354
541
9597
628
1420
2088
1149
5800
3792
2336
4091
8208
1783
7850
5210
7448
8214
2763
7188
2337
2367
697
6315
8766
9960
9155
8404
8629
8942
9726
8054
7242
1967
9341
4102
7363
62
600
2652
9806
4520
2784
1382
813
7258
6193
8212
4939
4293
6758
7097
3197
4809
6401
2443
5612
3397
3378
2284
4973
8584
5310
9807
2696
536
6214
3117
8723
888
8771
6738
6743
868
4836
8184
3380
2642
8597
6960
7080
6175
4221
6950
5656
2359
1131
4981
9432
6334
5410
3715
9571
2225
9340
1045
3893
6926
5817
4131
6880
8661
8405
2338
2897
4770
7262
1332
5651
1036
6629
3697
846
1868
2740
8097
6141
2054
9686
2831
1728
8813
1153
8909
1449
2731
7618
5774
5254
5244
5763
5519
9865
8219
3398
1506
1893
6429
2732
9646
3936
3252
4038
3889
1665
7362
6973
4799
3532
7839
876
8823
9658
8453
5970
3001
9256
5901
2658
6260
8465
351
8949
6037
5243
1344
3555
4911
678
9168
9231
9582
8754
9167
5849
9257
2149
8359
3491
2812
5242
1800
1737
8390
3008
1922
2148
8777
4173
3841
7744
5721
1811
3452
1836
5143
2543
4283
4412
2045
408
8128
2643
5094
3650
9586
5274
529
7376
3775
3527
4161
248
5191
2941
5435
5602
8791
2185
4313
1871
5895
6928
7162
4482
733
3624
9584
9603
2600
5713
2783
887
1861
8194