2078
4816
39
9865
5776
6144
1920
4561
3313
1187
1123
3752
6018
5953
3908
6624
359
2564
1321
8385
1830
3266
8596
1753
5945
7281
8433
5359
2245
7000
2579
5521
963
6574
8524
5864
5933
9119
6706
7517
3045
6691
7908
5212
1033
1701
2474
636
1513
9628
8947
1139
4300
8350
7957
2915
3368
6731
7675
1354
3253
6970
9986
4718
9443
8058
5446
7443
7111
4947
8932
8910
1709
1520
7805
8889
3998
7978
1689
761
9052
4155
7121
1700
869
5806
1614
3686
9207
1389
4890
7893
5396
1194
9296
4725
833
1759
5167
7488
2153
2183
3988
7098
3104
1935
7823
8835
1414
4991
8224
8024
8783
5504
1289
9224
518
7832
8355
1277
1953
6183
7663
4125
1302
596
8743
5263
2074
2750
2709
2381
3178
139
5585
5928
3588
9157
7723
2743
3471
9433
3977
2572
149
4272
7812
4518
4491
20
7328
1676
2071
7449
3930
2549
2404
6546
6779
6732
7937
7291
2483
2157
5893
260
8690
195
2530
4495
9167
4678
2855
5120
5096
5110
4020
5679
9509
9647
5570
9980
4230
2491
2076
5166
565
2208
6687
2074
3343
4371
2918
1956
4886
6715
431
7549
8907
2032
3182
7577
1383
4186
2792
2648
4416
833
3680
8046
4677
4376
6512
7886
2463
336
475
4340
4311
5370
9251
2113
941
6873
6678
9938
5446
9103
3858
7699
4970
7996
7452
6567
9029
6550
520
8324
1463
7720
6800
1201
2427
4921
4881
2624
8341
5232
9841
5553
4061
5467
6627
8344
6352
5175
7867
9699
7219
7078
3836
2870
9240
1724
2531
6340
5668
4411
4598
9099
7954
8170
662
2326
1400
7359
712
6708
3755
783
4270
3253
861
4048
5500
5447
1962
2398
978
7490
831
3855
9362
3872
4563
6158
6585
2562
9749
5303
7461
7021
1102
1523
2902
7151
9558
5039
8871
9698
7579
5182
8985
8526
2903
3009
4187
5932
713
2575
6914
2473
9380
4645
6915
8612
8728
6521
6040
3966
3021
3519
4361
2359
5414
8914
5559
1360
5938
7089
2005
8640
2689
5745
2609
7197
8375
3584
2048
2758
37
9913
5061
1353
2143
2495
1678
5035
3553
4906
8092
6660
7351
1516
2215
9035
6886
7436
9822
2464
1755
5031
1019
2252
327
6097
3099
5664
520
8673
8669
6446
8257
4862
2947
912
4366
7950
6737
585
3007
6820
436
5791
8440
9883
2371
4935
8712
9031
5885
7463
3717
5765
5938
7698
7590
6564
4742
6764
710
5378
7461
5626
330
2823
3202
2355
8166
7871
2437
7500
1723
5336
4952
9472
3106
3510
6514
62
9381
1566
9219
8001
8202
7852
9604
5767
2354
5702
2629
1599
7332
8816
674
6348
8195
3065
5506
859
7105
4405
5997
6378
2252
7388
1308
227
7407
7273
8596
7897
7186
448
429
4528
7797
9
8990
309
4749
4155
6533
3520
9896
3160
545
4405
2477
917
4693
8946
2868
3015
5778
2017
2550
7728
5295
5897
3454
3880
1894
1410
6646
3672
8983
4484
471
3331