7421
5160
6987
5699
9368
7955
5609
7330
7830
1417
2809
3794
4028
3731
955
4650
9632
1541
9825
9228
3797
1429
279
5687
5968
8578
9325
2552
8731
748
421
1146
2253
1701
8919
1366
335
8190
1466
5391
287
3724
4461
3029
4386
5123
6026
2690
515
7659
9293
5816
4727
8665
3161
5256
3580
2611
4537
8281
1830
8207
2410
2554
4036
3814
9680
5879
6132
7523
6030
9206
9558
6167
7680
8646
2649
4849
4314
7063
6791
9938
8295
1700
4299
1623
3555
403
8941
4627
177
8023
1902
8633
4487
268
5891
7363
4310
5602
9546
6042
6775
88
3279
5000
5420
2149
1302
417
575
3331
3894
7069
901
9407
1496
8538
7072
255
6814
7278
7562
679
1803
8665
4428
8077
951
7304
2874
4990
4006
9099
6043
2530
5896
449
5813
4100
9049
6087
6160
237
8723
8518
2317
3517
5889
3382
6917
5896
2738
1218
5910
2284
7792
517
9010
4310
8549
3474
4078
1000
3030
422
2898
6684
7497
1253
9579
7353
2837
4178
5579
2077
1539
9465
5259
7180
9225
8691
4445
6623
8452
2730
5387
960
3847
8465
7043
7167
9717
4471
2106
9347
4615
2582
3518
3000
1630
7981
3990
8429
4616
5357
1237
1499
403
8323
650
4216
2046
4782
3088
8576
4407
71
6243
167
5498
5913
3079
6597
7520
1557
6295
6055
4068
5584
3624
2922
8064
7691
3201
1586
4379
5660
8393
3543
5270
4361
783
9069
1214
1345
7088
4177
4577
4526
1705
646
2527
1791
1474
8642
320
6637
2006
651
1849
564
5850
582
8595
7132
2382
5481
9731
9386
6172
5510
5890
5739
4648
1134
1273
8240
3315
1661
892
9966
8695
9580
5763
1770
4721
304
223
1628
9995
7918
5669
6790
3628
2405
7563
5634
8375
2214
9479
8495
4205
8379
1001
6196
5817
3762
8465
3547
8195
9824
262
8613
5218
2231
1948
3698
4882
1849
3046
3140
8936
2382
1607
2713
5011
1328
7859
7647
1171
2165
9254
6745
7816
64
717
3931
314
5587
9336
3614
9299
8852
7227
1437
8480
1232
8485
7714
1015
7716
4136
2546
8825
4644
1379
5627
9231
4278
5863
4636
8508
3210
267
484
2258
6202
2228
4523
6930
4065
8773
635
5528
5011
4328
7171
639
9497
3536
703
472
6911
3431
9205
5988
3928
6891
8645
6163
4111
5708
3257
1658
746
6430
8681
9511
3115
8005
4752
2307
2025
2187
6391
6073
1724
7972
1348
1547
750
4116
2922
8061
548
3880
5665
5522
2177
1493
4175
4748
2815
6290
1843
1088
792
1407
6345
3276
9863
6798
120
832
4590
1910
2486
9132
413
3508
6812
2398
7782
7958
8148
7967
3078
1814
843
399
9733
924
841
7436
7465
8038
3183
2146
8264
4499
3727
6254
2834
6037
5317
3224
702
5463
9489
5081
6400
7337
877
5973
3241
3795
9707
5691
7807
3236
5801
9980
4727
5599
6392
9913
2880
7444
8191
3635
6179
890
1552
7318
1938
9334
4783
6325
4051